2.0, 3.0, 0.0, 3290.0, 3288.0, 3178.0
6.0, 0.0, 3.0, 4016.0, 4017.0, 3178.0
6.0, 7.0, 0.0, 4018.0, 4016.0, 3188.0
8.0, 1.0, 4.0, 3291.0, 3292.0, 3169.0
2.0, 1.0, 8.0, 3289.0, 3293.0, 3291.0
9.0, 0.0, 7.0, 3652.0, 3653.0, 3188.0
9.0, 1.0, 0.0, 3654.0, 3652.0, 3168.0
1.0, 11.0, 4.0, 3655.0, 3169.0, 3656.0
9.0, 11.0, 1.0, 3657.0, 3654.0, 3655.0
2.0, 12.0, 3.0, 3294.0, 3290.0, 3295.0
2.0, 8.0, 12.0, 3293.0, 3294.0, 3296.0
3.0, 12.0, 13.0, 3295.0, 3179.0, 3297.0
15.0, 14.0, 4.0, 3658.0, 3659.0, 3170.0
4.0, 11.0, 15.0, 3656.0, 3659.0, 3660.0
8.0, 19.0, 12.0, 3298.0, 3296.0, 3299.0
20.0, 4.0, 14.0, 3300.0, 3301.0, 3170.0
4.0, 20.0, 8.0, 3300.0, 3292.0, 3302.0
20.0, 19.0, 8.0, 3303.0, 3302.0, 3298.0
22.0, 12.0, 19.0, 3304.0, 3305.0, 3299.0
9.0, 7.0, 26.0, 3653.0, 3661.0, 3662.0
9.0, 26.0, 11.0, 3661.0, 3657.0, 3663.0
26.0, 7.0, 27.0, 3662.0, 3664.0, 3189.0
29.0, 13.0, 16.0, 4019.0, 4020.0, 3180.0
16.0, 23.0, 29.0, 4021.0, 4020.0, 4022.0
30.0, 3.0, 13.0, 4023.0, 4024.0, 3179.0
13.0, 29.0, 30.0, 4019.0, 4024.0, 4025.0
6.0, 3.0, 30.0, 4017.0, 4026.0, 4023.0
7.0, 31.0, 27.0, 4027.0, 3189.0, 4028.0
6.0, 31.0, 7.0, 4029.0, 4018.0, 4027.0
6.0, 30.0, 31.0, 4026.0, 4029.0, 4030.0
40.0, 25.0, 27.0, 4031.0, 4032.0, 3190.0
27.0, 31.0, 40.0, 4028.0, 4032.0, 4033.0
40.0, 42.0, 25.0, 4034.0, 4031.0, 4035.0
42.0, 43.0, 25.0, 4036.0, 4035.0, 3191.0
44.0, 27.0, 25.0, 3665.0, 3666.0, 3190.0
27.0, 44.0, 26.0, 3665.0, 3664.0, 3667.0
25.0, 43.0, 45.0, 3191.0, 3668.0, 3669.0
25.0, 45.0, 44.0, 3668.0, 3666.0, 3670.0
44.0, 46.0, 26.0, 3671.0, 3667.0, 3672.0
26.0, 46.0, 11.0, 3672.0, 3663.0, 3673.0
47.0, 15.0, 11.0, 3674.0, 3675.0, 3660.0
47.0, 11.0, 46.0, 3675.0, 3676.0, 3673.0
48.0, 29.0, 23.0, 4037.0, 4038.0, 4022.0
49.0, 16.0, 13.0, 3306.0, 3307.0, 3180.0
13.0, 12.0, 49.0, 3297.0, 3307.0, 3308.0
22.0, 49.0, 12.0, 3309.0, 3304.0, 3308.0
16.0, 51.0, 23.0, 3181.0, 4021.0, 4039.0
14.0, 24.0, 54.0, 3171.0, 3310.0, 3311.0
14.0, 54.0, 20.0, 3310.0, 3301.0, 3312.0
57.0, 24.0, 14.0, 3677.0, 3678.0, 3171.0
15.0, 57.0, 14.0, 3679.0, 3658.0, 3678.0
58.0, 57.0, 15.0, 3680.0, 3681.0, 3679.0
47.0, 58.0, 15.0, 3682.0, 3674.0, 3681.0
54.0, 24.0, 59.0, 3311.0, 3313.0, 3314.0
24.0, 61.0, 59.0, 3172.0, 3314.0, 3315.0
62.0, 51.0, 16.0, 3316.0, 3317.0, 3181.0
49.0, 62.0, 16.0, 3318.0, 3306.0, 3317.0
22.0, 19.0, 65.0, 3305.0, 3319.0, 3320.0
47.0, 68.0, 58.0, 3683.0, 3682.0, 3684.0
47.0, 46.0, 68.0, 3676.0, 3683.0, 3685.0
71.0, 20.0, 54.0, 3321.0, 3322.0, 3312.0
20.0, 71.0, 19.0, 3321.0, 3303.0, 3323.0
71.0, 65.0, 19.0, 3324.0, 3323.0, 3320.0
51.0, 52.0, 73.0, 3182.0, 4040.0, 4041.0
23.0, 51.0, 73.0, 4039.0, 4042.0, 4040.0
75.0, 62.0, 49.0, 3325.0, 3326.0, 3318.0
22.0, 75.0, 49.0, 3327.0, 3309.0, 3326.0
22.0, 65.0, 75.0, 3319.0, 3327.0, 3328.0
77.0, 23.0, 73.0, 4043.0, 4044.0, 4042.0
23.0, 77.0, 48.0, 4043.0, 4038.0, 4045.0
78.0, 48.0, 77.0, 4046.0, 4047.0, 4045.0
24.0, 82.0, 61.0, 3686.0, 3172.0, 3687.0
57.0, 82.0, 24.0, 3688.0, 3677.0, 3686.0
76.0, 84.0, 79.0, 4048.0, 3193.0, 4049.0
29.0, 89.0, 30.0, 4050.0, 4025.0, 4051.0
29.0, 48.0, 89.0, 4037.0, 4050.0, 4052.0
30.0, 89.0, 31.0, 4051.0, 4030.0, 4053.0
91.0, 40.0, 31.0, 4054.0, 4055.0, 4033.0
91.0, 31.0, 89.0, 4055.0, 4056.0, 4053.0
43.0, 99.0, 76.0, 4057.0, 3192.0, 4058.0
42.0, 99.0, 43.0, 4059.0, 4036.0, 4057.0
76.0, 99.0, 84.0, 4058.0, 4048.0, 4060.0
100.0, 84.0, 99.0, 4061.0, 4062.0, 4060.0
99.0, 42.0, 101.0, 4059.0, 4063.0, 4064.0
101.0, 100.0, 99.0, 4065.0, 4063.0, 4062.0
103.0, 42.0, 40.0, 4066.0, 4067.0, 4034.0
91.0, 103.0, 40.0, 4068.0, 4054.0, 4067.0
42.0, 103.0, 101.0, 4066.0, 4064.0, 4069.0
101.0, 104.0, 100.0, 4070.0, 4065.0, 4071.0
48.0, 105.0, 89.0, 4072.0, 4052.0, 4073.0
91.0, 105.0, 103.0, 4074.0, 4068.0, 4075.0
78.0, 105.0, 48.0, 4076.0, 4046.0, 4072.0
91.0, 89.0, 105.0, 4056.0, 4074.0, 4073.0
106.0, 105.0, 78.0, 4077.0, 4078.0, 4076.0
101.0, 103.0, 111.0, 4069.0, 4079.0, 4080.0
105.0, 111.0, 103.0, 4081.0, 4075.0, 4080.0
111.0, 104.0, 101.0, 4082.0, 4079.0, 4070.0
106.0, 111.0, 105.0, 4083.0, 4077.0, 4081.0
43.0, 76.0, 113.0, 3192.0, 3689.0, 3690.0
43.0, 113.0, 45.0, 3689.0, 3669.0, 3691.0
115.0, 44.0, 45.0, 3692.0, 3693.0, 3670.0
46.0, 44.0, 115.0, 3671.0, 3694.0, 3692.0
115.0, 68.0, 46.0, 3695.0, 3694.0, 3685.0
116.0, 45.0, 113.0, 3696.0, 3697.0, 3691.0
45.0, 116.0, 115.0, 3696.0, 3693.0, 3698.0
79.0, 123.0, 80.0, 4084.0, 3194.0, 4085.0
79.0, 84.0, 123.0, 4049.0, 4084.0, 4086.0
126.0, 124.0, 80.0, 4087.0, 4088.0, 3195.0
126.0, 80.0, 123.0, 4088.0, 4089.0, 4085.0
127.0, 116.0, 113.0, 3699.0, 3700.0, 3697.0
116.0, 128.0, 115.0, 3701.0, 3698.0, 3702.0
115.0, 128.0, 68.0, 3702.0, 3695.0, 3703.0
129.0, 58.0, 68.0, 3704.0, 3705.0, 3684.0
130.0, 68.0, 128.0, 3706.0, 3707.0, 3703.0
130.0, 129.0, 68.0, 3708.0, 3706.0, 3705.0
132.0, 54.0, 59.0, 3329.0, 3330.0, 3313.0
54.0, 132.0, 71.0, 3329.0, 3322.0, 3331.0
51.0, 135.0, 52.0, 3332.0, 3182.0, 3333.0
62.0, 135.0, 51.0, 3334.0, 3316.0, 3332.0
52.0, 135.0, 139.0, 3333.0, 3335.0, 3336.0
73.0, 52.0, 140.0, 4041.0, 4090.0, 4091.0
52.0, 139.0, 141.0, 3335.0, 3183.0, 3337.0
52.0, 141.0, 140.0, 3183.0, 4091.0, 4092.0
73.0, 140.0, 142.0, 4090.0, 4093.0, 4094.0
73.0, 142.0, 77.0, 4093.0, 4044.0, 4095.0
143.0, 142.0, 140.0, 4096.0, 4097.0, 4094.0
61.0, 83.0, 149.0, 3173.0, 3338.0, 3339.0
59.0, 61.0, 149.0, 3315.0, 3340.0, 3338.0
59.0, 149.0, 150.0, 3340.0, 3341.0, 3342.0
59.0, 150.0, 132.0, 3341.0, 3330.0, 3343.0
151.0, 82.0, 57.0, 3709.0, 3710.0, 3688.0
58.0, 151.0, 57.0, 3711.0, 3680.0, 3710.0
151.0, 58.0, 129.0, 3711.0, 3712.0, 3704.0
61.0, 154.0, 83.0, 3713.0, 3173.0, 3714.0
82.0, 154.0, 61.0, 3715.0, 3687.0, 3713.0
135.0, 62.0, 155.0, 3334.0, 3344.0, 3345.0
62.0, 75.0, 155.0, 3325.0, 3345.0, 3346.0
156.0, 71.0, 132.0, 3347.0, 3348.0, 3331.0
156.0, 65.0, 71.0, 3349.0, 3347.0, 3324.0
155.0, 75.0, 157.0, 3346.0, 3350.0, 3351.0
65.0, 157.0, 75.0, 3352.0, 3328.0, 3351.0
158.0, 65.0, 156.0, 3353.0, 3354.0, 3349.0
158.0, 157.0, 65.0, 3355.0, 3353.0, 3352.0
84.0, 179.0, 123.0, 4098.0, 4086.0, 4099.0
179.0, 84.0, 100.0, 4098.0, 4100.0, 4061.0
76.0, 79.0, 184.0, 3193.0, 3716.0, 3717.0
76.0, 184.0, 113.0, 3716.0, 3690.0, 3718.0
127.0, 113.0, 184.0, 3700.0, 3719.0, 3718.0
185.0, 77.0, 142.0, 4101.0, 4102.0, 4095.0
185.0, 78.0, 77.0, 4103.0, 4101.0, 4047.0
111.0, 186.0, 104.0, 4104.0, 4082.0, 4105.0
106.0, 186.0, 111.0, 4106.0, 4083.0, 4104.0
187.0, 78.0, 185.0, 4107.0, 4108.0, 4103.0
106.0, 78.0, 187.0, 4078.0, 4109.0, 4107.0
106.0, 187.0, 186.0, 4109.0, 4106.0, 4110.0
190.0, 81.0, 192.0, 3720.0, 3721.0, 3197.0
191.0, 192.0, 81.0, 4111.0, 4112.0, 3197.0
193.0, 81.0, 124.0, 4113.0, 4114.0, 3196.0
124.0, 126.0, 193.0, 4087.0, 4114.0, 4115.0
191.0, 81.0, 193.0, 4112.0, 4116.0, 4113.0
126.0, 194.0, 193.0, 4117.0, 4115.0, 4118.0
123.0, 195.0, 126.0, 4119.0, 4089.0, 4120.0
123.0, 179.0, 195.0, 4099.0, 4119.0, 4121.0
194.0, 126.0, 195.0, 4117.0, 4122.0, 4120.0
197.0, 127.0, 184.0, 3722.0, 3723.0, 3719.0
79.0, 80.0, 198.0, 3194.0, 3724.0, 3725.0
198.0, 184.0, 79.0, 3726.0, 3724.0, 3717.0
184.0, 198.0, 197.0, 3726.0, 3723.0, 3727.0
80.0, 124.0, 200.0, 3195.0, 3728.0, 3729.0
200.0, 198.0, 80.0, 3730.0, 3728.0, 3725.0
124.0, 81.0, 201.0, 3196.0, 3731.0, 3732.0
190.0, 201.0, 81.0, 3733.0, 3720.0, 3732.0
124.0, 201.0, 200.0, 3731.0, 3729.0, 3734.0
202.0, 154.0, 82.0, 3735.0, 3736.0, 3715.0
151.0, 202.0, 82.0, 3737.0, 3709.0, 3736.0
203.0, 149.0, 83.0, 3356.0, 3357.0, 3339.0
154.0, 205.0, 83.0, 3738.0, 3714.0, 3739.0
203.0, 83.0, 206.0, 3357.0, 3358.0, 3174.0
83.0, 205.0, 206.0, 3739.0, 3174.0, 3740.0
208.0, 205.0, 154.0, 3741.0, 3742.0, 3738.0
154.0, 202.0, 208.0, 3735.0, 3742.0, 3743.0
202.0, 151.0, 211.0, 3737.0, 3744.0, 3745.0
129.0, 211.0, 151.0, 3746.0, 3712.0, 3745.0
179.0, 100.0, 217.0, 4100.0, 4123.0, 4124.0
217.0, 100.0, 104.0, 4124.0, 4125.0, 4071.0
218.0, 217.0, 104.0, 4126.0, 4127.0, 4125.0
218.0, 104.0, 186.0, 4127.0, 4128.0, 4105.0
116.0, 127.0, 243.0, 3699.0, 3747.0, 3748.0
128.0, 116.0, 243.0, 3701.0, 3749.0, 3747.0
197.0, 255.0, 127.0, 3750.0, 3722.0, 3751.0
243.0, 127.0, 255.0, 3748.0, 3752.0, 3751.0
128.0, 243.0, 257.0, 3749.0, 3753.0, 3754.0
130.0, 128.0, 257.0, 3707.0, 3755.0, 3753.0
262.0, 243.0, 255.0, 3756.0, 3757.0, 3752.0
262.0, 257.0, 243.0, 3758.0, 3756.0, 3754.0
263.0, 211.0, 129.0, 3759.0, 3760.0, 3746.0
130.0, 263.0, 129.0, 3761.0, 3708.0, 3760.0
130.0, 257.0, 263.0, 3755.0, 3761.0, 3762.0
263.0, 257.0, 264.0, 3762.0, 3763.0, 3764.0
265.0, 257.0, 262.0, 3765.0, 3766.0, 3758.0
265.0, 264.0, 257.0, 3767.0, 3765.0, 3764.0
142.0, 143.0, 268.0, 4096.0, 4129.0, 4130.0
142.0, 268.0, 185.0, 4129.0, 4102.0, 4131.0
141.0, 273.0, 271.0, 3359.0, 3184.0, 3360.0
141.0, 139.0, 273.0, 3337.0, 3359.0, 3361.0
274.0, 271.0, 273.0, 3362.0, 3363.0, 3360.0
275.0, 139.0, 135.0, 3364.0, 3365.0, 3336.0
155.0, 275.0, 135.0, 3366.0, 3344.0, 3365.0
276.0, 132.0, 150.0, 3367.0, 3368.0, 3343.0
276.0, 156.0, 132.0, 3369.0, 3367.0, 3348.0
139.0, 282.0, 273.0, 3370.0, 3361.0, 3371.0
282.0, 139.0, 275.0, 3370.0, 3372.0, 3364.0
287.0, 141.0, 271.0, 4132.0, 4133.0, 3184.0
287.0, 140.0, 141.0, 4134.0, 4132.0, 4092.0
140.0, 287.0, 143.0, 4134.0, 4097.0, 4135.0
289.0, 143.0, 287.0, 4136.0, 4137.0, 4135.0
143.0, 289.0, 291.0, 4136.0, 4138.0, 4139.0
291.0, 268.0, 143.0, 4140.0, 4138.0, 4130.0
291.0, 270.0, 268.0, 4141.0, 4140.0, 4142.0
293.0, 287.0, 271.0, 4143.0, 4144.0, 4133.0
287.0, 293.0, 289.0, 4143.0, 4137.0, 4145.0
274.0, 294.0, 271.0, 3373.0, 3362.0, 3185.0
271.0, 294.0, 293.0, 3185.0, 4144.0, 4146.0
296.0, 295.0, 294.0, 3374.0, 3375.0, 3186.0
294.0, 274.0, 296.0, 3373.0, 3375.0, 3376.0
297.0, 295.0, 296.0, 3377.0, 3378.0, 3374.0
297.0, 298.0, 295.0, 3379.0, 3377.0, 3187.0
150.0, 305.0, 276.0, 3380.0, 3368.0, 3381.0
149.0, 203.0, 308.0, 3356.0, 3382.0, 3383.0
308.0, 150.0, 149.0, 3384.0, 3382.0, 3342.0
150.0, 308.0, 305.0, 3384.0, 3380.0, 3385.0
263.0, 310.0, 211.0, 3768.0, 3759.0, 3769.0
310.0, 263.0, 264.0, 3768.0, 3770.0, 3763.0
312.0, 208.0, 202.0, 3771.0, 3772.0, 3743.0
202.0, 211.0, 312.0, 3744.0, 3772.0, 3773.0
310.0, 312.0, 211.0, 3774.0, 3769.0, 3773.0
316.0, 315.0, 317.0, 3386.0, 3387.0, 3177.0
318.0, 317.0, 315.0, 3775.0, 3776.0, 3177.0
319.0, 305.0, 308.0, 3388.0, 3389.0, 3385.0
155.0, 323.0, 275.0, 3390.0, 3366.0, 3391.0
157.0, 323.0, 155.0, 3392.0, 3350.0, 3390.0
324.0, 156.0, 276.0, 3393.0, 3394.0, 3369.0
158.0, 156.0, 324.0, 3354.0, 3395.0, 3393.0
157.0, 325.0, 323.0, 3396.0, 3392.0, 3397.0
158.0, 325.0, 157.0, 3398.0, 3355.0, 3396.0
158.0, 324.0, 325.0, 3395.0, 3398.0, 3399.0
344.0, 289.0, 293.0, 4147.0, 4148.0, 4145.0
348.0, 270.0, 291.0, 4149.0, 4150.0, 4141.0
179.0, 352.0, 195.0, 4151.0, 4121.0, 4152.0
352.0, 179.0, 217.0, 4151.0, 4153.0, 4123.0
352.0, 217.0, 360.0, 4153.0, 4154.0, 4155.0
218.0, 360.0, 217.0, 4156.0, 4126.0, 4155.0
354.0, 352.0, 360.0, 4157.0, 4158.0, 4154.0
362.0, 218.0, 186.0, 4159.0, 4160.0, 4128.0
368.0, 185.0, 268.0, 4161.0, 4162.0, 4131.0
368.0, 268.0, 270.0, 4162.0, 4163.0, 4142.0
187.0, 185.0, 368.0, 4108.0, 4164.0, 4161.0
368.0, 369.0, 187.0, 4165.0, 4164.0, 4166.0
187.0, 369.0, 186.0, 4166.0, 4110.0, 4167.0
362.0, 186.0, 369.0, 4160.0, 4168.0, 4167.0
370.0, 368.0, 270.0, 4169.0, 4170.0, 4163.0
370.0, 369.0, 368.0, 4171.0, 4169.0, 4165.0
354.0, 360.0, 374.0, 4158.0, 4172.0, 4173.0
376.0, 360.0, 218.0, 4174.0, 4175.0, 4156.0
362.0, 376.0, 218.0, 4176.0, 4159.0, 4175.0
370.0, 377.0, 369.0, 4177.0, 4171.0, 4178.0
376.0, 362.0, 377.0, 4176.0, 4179.0, 4180.0
362.0, 369.0, 377.0, 4168.0, 4180.0, 4178.0
376.0, 377.0, 378.0, 4179.0, 4181.0, 4182.0
360.0, 378.0, 374.0, 4183.0, 4173.0, 4184.0
376.0, 378.0, 360.0, 4181.0, 4174.0, 4183.0
195.0, 379.0, 194.0, 4185.0, 4122.0, 4186.0
195.0, 352.0, 379.0, 4152.0, 4185.0, 4187.0
354.0, 379.0, 352.0, 4188.0, 4157.0, 4187.0
380.0, 194.0, 379.0, 4189.0, 4190.0, 4186.0
191.0, 193.0, 381.0, 4116.0, 4191.0, 4192.0
193.0, 194.0, 381.0, 4118.0, 4192.0, 4193.0
380.0, 381.0, 194.0, 4194.0, 4189.0, 4193.0
190.0, 383.0, 201.0, 3777.0, 3733.0, 3778.0
190.0, 192.0, 384.0, 3721.0, 3779.0, 3248.0
190.0, 384.0, 383.0, 3779.0, 3777.0, 3780.0
384.0, 192.0, 387.0, 3248.0, 5108.0, 5109.0
191.0, 388.0, 192.0, 4195.0, 4111.0, 3258.0
191.0, 381.0, 388.0, 4191.0, 4195.0, 4196.0
388.0, 387.0, 192.0, 5110.0, 3258.0, 5109.0
389.0, 381.0, 380.0, 4197.0, 4198.0, 4194.0
398.0, 255.0, 197.0, 3781.0, 3782.0, 3750.0
198.0, 200.0, 400.0, 3730.0, 3783.0, 3784.0
400.0, 197.0, 198.0, 3785.0, 3783.0, 3727.0
197.0, 400.0, 398.0, 3785.0, 3782.0, 3786.0
402.0, 200.0, 201.0, 3787.0, 3788.0, 3734.0
402.0, 400.0, 200.0, 3789.0, 3787.0, 3784.0
383.0, 403.0, 201.0, 3790.0, 3778.0, 3791.0
402.0, 201.0, 403.0, 3788.0, 3792.0, 3791.0
206.0, 207.0, 406.0, 3175.0, 3400.0, 3401.0
406.0, 203.0, 206.0, 3402.0, 3400.0, 3358.0
205.0, 208.0, 407.0, 3741.0, 3793.0, 3794.0
203.0, 406.0, 408.0, 3402.0, 3403.0, 3404.0
408.0, 308.0, 203.0, 3405.0, 3403.0, 3383.0
308.0, 408.0, 319.0, 3405.0, 3389.0, 3406.0
207.0, 315.0, 411.0, 3176.0, 3407.0, 3408.0
316.0, 411.0, 315.0, 3409.0, 3386.0, 3408.0
207.0, 411.0, 406.0, 3407.0, 3401.0, 3410.0
412.0, 207.0, 206.0, 3795.0, 3796.0, 3175.0
412.0, 206.0, 205.0, 3796.0, 3797.0, 3740.0
205.0, 407.0, 412.0, 3793.0, 3797.0, 3798.0
414.0, 315.0, 207.0, 3799.0, 3800.0, 3176.0
207.0, 412.0, 414.0, 3795.0, 3800.0, 3801.0
318.0, 315.0, 414.0, 3776.0, 3802.0, 3799.0
412.0, 415.0, 414.0, 3803.0, 3801.0, 3804.0
412.0, 407.0, 415.0, 3798.0, 3803.0, 3805.0
417.0, 407.0, 208.0, 3806.0, 3807.0, 3794.0
208.0, 312.0, 417.0, 3771.0, 3807.0, 3808.0
447.0, 417.0, 312.0, 3809.0, 3810.0, 3808.0
312.0, 310.0, 447.0, 3774.0, 3810.0, 3811.0
448.0, 447.0, 310.0, 3812.0, 3813.0, 3811.0
448.0, 310.0, 264.0, 3813.0, 3814.0, 3770.0
398.0, 457.0, 255.0, 3815.0, 3781.0, 3816.0
455.0, 457.0, 398.0, 3817.0, 3818.0, 3815.0
262.0, 255.0, 457.0, 3757.0, 3819.0, 3816.0
455.0, 456.0, 457.0, 3820.0, 3817.0, 3821.0
456.0, 458.0, 457.0, 3822.0, 3821.0, 3823.0
459.0, 262.0, 457.0, 3824.0, 3825.0, 3819.0
459.0, 457.0, 458.0, 3825.0, 3826.0, 3823.0
459.0, 265.0, 262.0, 3827.0, 3824.0, 3766.0
264.0, 469.0, 448.0, 3828.0, 3814.0, 3829.0
265.0, 459.0, 469.0, 3827.0, 3830.0, 3831.0
265.0, 469.0, 264.0, 3830.0, 3767.0, 3828.0
459.0, 458.0, 469.0, 3826.0, 3831.0, 3832.0
470.0, 448.0, 469.0, 3833.0, 3834.0, 3829.0
407.0, 471.0, 415.0, 3835.0, 3805.0, 3836.0
407.0, 417.0, 471.0, 3806.0, 3835.0, 3837.0
348.0, 476.0, 270.0, 4199.0, 4149.0, 4200.0
476.0, 477.0, 270.0, 4201.0, 4200.0, 4202.0
370.0, 270.0, 477.0, 4170.0, 4203.0, 4202.0
370.0, 477.0, 377.0, 4203.0, 4177.0, 4204.0
481.0, 377.0, 477.0, 4205.0, 4206.0, 4204.0
274.0, 487.0, 296.0, 3411.0, 3376.0, 3412.0
273.0, 490.0, 274.0, 3413.0, 3363.0, 3414.0
273.0, 282.0, 490.0, 3371.0, 3413.0, 3415.0
487.0, 274.0, 490.0, 3411.0, 3416.0, 3414.0
282.0, 495.0, 490.0, 3417.0, 3415.0, 3418.0
282.0, 275.0, 496.0, 3372.0, 3419.0, 3420.0
496.0, 275.0, 323.0, 3420.0, 3421.0, 3391.0
495.0, 282.0, 496.0, 3417.0, 3422.0, 3419.0
499.0, 276.0, 305.0, 3423.0, 3424.0, 3381.0
324.0, 276.0, 499.0, 3394.0, 3425.0, 3423.0
499.0, 305.0, 511.0, 3424.0, 3426.0, 3427.0
319.0, 511.0, 305.0, 3428.0, 3388.0, 3427.0
344.0, 513.0, 289.0, 4207.0, 4147.0, 4208.0
289.0, 513.0, 291.0, 4208.0, 4139.0, 4209.0
348.0, 291.0, 513.0, 4150.0, 4210.0, 4209.0
348.0, 513.0, 519.0, 4210.0, 4211.0, 4212.0
348.0, 519.0, 476.0, 4211.0, 4199.0, 4213.0
294.0, 295.0, 522.0, 3186.0, 4214.0, 4215.0
294.0, 522.0, 293.0, 4214.0, 4146.0, 4216.0
344.0, 293.0, 522.0, 4148.0, 4217.0, 4216.0
523.0, 295.0, 298.0, 4218.0, 4219.0, 3187.0
523.0, 522.0, 295.0, 4220.0, 4218.0, 4215.0
344.0, 522.0, 524.0, 4217.0, 4221.0, 4222.0
344.0, 524.0, 513.0, 4221.0, 4207.0, 4223.0
297.0, 296.0, 526.0, 3378.0, 3429.0, 3430.0
296.0, 487.0, 526.0, 3412.0, 3430.0, 3431.0
297.0, 529.0, 298.0, 3432.0, 3379.0, 3218.0
297.0, 526.0, 529.0, 3429.0, 3432.0, 3433.0
529.0, 530.0, 298.0, 4744.0, 3218.0, 4745.0
523.0, 298.0, 531.0, 4219.0, 4224.0, 3228.0
531.0, 298.0, 530.0, 3228.0, 4746.0, 4745.0
532.0, 513.0, 524.0, 4225.0, 4226.0, 4223.0
532.0, 519.0, 513.0, 4227.0, 4225.0, 4212.0
550.0, 471.0, 417.0, 3838.0, 3839.0, 3837.0
550.0, 417.0, 447.0, 3839.0, 3840.0, 3809.0
551.0, 415.0, 471.0, 3841.0, 3842.0, 3836.0
551.0, 471.0, 552.0, 3842.0, 3843.0, 3844.0
551.0, 552.0, 553.0, 3843.0, 3845.0, 3846.0
316.0, 554.0, 411.0, 3434.0, 3409.0, 3435.0
316.0, 317.0, 555.0, 3387.0, 3436.0, 3198.0
316.0, 555.0, 554.0, 3436.0, 3434.0, 3437.0
318.0, 414.0, 557.0, 3802.0, 3847.0, 3848.0
553.0, 557.0, 551.0, 3849.0, 3845.0, 3850.0
414.0, 415.0, 557.0, 3804.0, 3848.0, 3851.0
551.0, 557.0, 415.0, 3850.0, 3841.0, 3851.0
318.0, 558.0, 317.0, 3852.0, 3775.0, 3208.0
318.0, 557.0, 558.0, 3847.0, 3852.0, 3853.0
555.0, 317.0, 559.0, 3198.0, 4380.0, 4381.0
558.0, 559.0, 317.0, 4382.0, 3208.0, 4381.0
562.0, 511.0, 319.0, 3438.0, 3439.0, 3428.0
408.0, 564.0, 319.0, 3440.0, 3406.0, 3441.0
562.0, 319.0, 564.0, 3439.0, 3442.0, 3441.0
565.0, 406.0, 411.0, 3443.0, 3444.0, 3410.0
565.0, 408.0, 406.0, 3445.0, 3443.0, 3404.0
565.0, 564.0, 408.0, 3446.0, 3445.0, 3440.0
554.0, 566.0, 411.0, 3447.0, 3435.0, 3448.0
565.0, 411.0, 566.0, 3444.0, 3449.0, 3448.0
565.0, 566.0, 564.0, 3449.0, 3446.0, 3450.0
569.0, 496.0, 323.0, 3451.0, 3452.0, 3421.0
569.0, 323.0, 325.0, 3452.0, 3453.0, 3397.0
499.0, 570.0, 324.0, 3454.0, 3425.0, 3455.0
324.0, 570.0, 325.0, 3455.0, 3399.0, 3456.0
571.0, 569.0, 325.0, 3457.0, 3458.0, 3453.0
571.0, 325.0, 570.0, 3458.0, 3459.0, 3456.0
476.0, 519.0, 597.0, 4213.0, 4228.0, 4229.0
476.0, 597.0, 598.0, 4228.0, 4230.0, 4231.0
598.0, 477.0, 476.0, 4232.0, 4230.0, 4201.0
481.0, 477.0, 598.0, 4206.0, 4233.0, 4232.0
354.0, 607.0, 379.0, 4234.0, 4188.0, 4235.0
354.0, 374.0, 607.0, 4172.0, 4234.0, 4236.0
629.0, 374.0, 378.0, 4237.0, 4238.0, 4184.0
374.0, 630.0, 607.0, 4239.0, 4236.0, 4240.0
630.0, 374.0, 629.0, 4239.0, 4241.0, 4237.0
629.0, 378.0, 631.0, 4238.0, 4242.0, 4243.0
378.0, 377.0, 631.0, 4182.0, 4243.0, 4244.0
481.0, 631.0, 377.0, 4245.0, 4205.0, 4244.0
481.0, 598.0, 635.0, 4233.0, 4246.0, 4247.0
481.0, 635.0, 631.0, 4246.0, 4245.0, 4248.0
631.0, 638.0, 629.0, 4249.0, 4242.0, 4250.0
638.0, 631.0, 635.0, 4249.0, 4251.0, 4248.0
380.0, 642.0, 389.0, 4252.0, 4198.0, 4253.0
380.0, 379.0, 642.0, 4190.0, 4252.0, 4254.0
607.0, 642.0, 379.0, 4255.0, 4235.0, 4254.0
643.0, 642.0, 607.0, 4256.0, 4257.0, 4255.0
607.0, 630.0, 643.0, 4240.0, 4257.0, 4258.0
648.0, 403.0, 383.0, 3854.0, 3855.0, 3790.0
383.0, 384.0, 649.0, 3780.0, 3856.0, 3249.0
649.0, 648.0, 383.0, 3857.0, 3856.0, 3855.0
653.0, 388.0, 381.0, 3259.0, 4259.0, 4196.0
653.0, 381.0, 389.0, 4259.0, 4260.0, 4197.0
656.0, 649.0, 384.0, 5111.0, 5112.0, 3249.0
387.0, 656.0, 384.0, 5113.0, 5108.0, 5112.0
653.0, 658.0, 388.0, 5114.0, 3259.0, 5115.0
387.0, 388.0, 658.0, 5110.0, 5116.0, 5115.0
387.0, 658.0, 656.0, 5116.0, 5113.0, 5117.0
642.0, 660.0, 389.0, 4261.0, 4253.0, 4262.0
642.0, 643.0, 660.0, 4256.0, 4261.0, 4263.0
661.0, 653.0, 389.0, 3260.0, 4264.0, 4260.0
389.0, 660.0, 661.0, 4262.0, 4264.0, 4265.0
402.0, 667.0, 400.0, 3858.0, 3789.0, 3859.0
400.0, 667.0, 398.0, 3859.0, 3786.0, 3860.0
402.0, 403.0, 667.0, 3792.0, 3858.0, 3861.0
455.0, 398.0, 667.0, 3818.0, 3862.0, 3860.0
648.0, 668.0, 403.0, 3863.0, 3854.0, 3864.0
668.0, 667.0, 403.0, 3865.0, 3864.0, 3861.0
648.0, 649.0, 669.0, 3857.0, 3866.0, 3250.0
668.0, 670.0, 667.0, 3867.0, 3865.0, 3868.0
455.0, 667.0, 670.0, 3862.0, 3869.0, 3868.0
455.0, 670.0, 456.0, 3869.0, 3820.0, 3870.0
669.0, 671.0, 648.0, 3871.0, 3866.0, 3872.0
668.0, 648.0, 671.0, 3863.0, 3873.0, 3872.0
671.0, 673.0, 668.0, 3874.0, 3873.0, 3875.0
670.0, 668.0, 673.0, 3867.0, 3876.0, 3875.0
562.0, 564.0, 691.0, 3442.0, 3460.0, 3461.0
550.0, 447.0, 722.0, 3840.0, 3877.0, 3878.0
447.0, 448.0, 722.0, 3812.0, 3878.0, 3879.0
470.0, 722.0, 448.0, 3880.0, 3833.0, 3879.0
726.0, 673.0, 723.0, 3881.0, 3882.0, 3883.0
670.0, 673.0, 726.0, 3876.0, 3884.0, 3881.0
456.0, 670.0, 726.0, 3870.0, 3885.0, 3884.0
456.0, 726.0, 727.0, 3885.0, 3886.0, 3887.0
727.0, 458.0, 456.0, 3888.0, 3886.0, 3822.0
728.0, 458.0, 727.0, 3889.0, 3890.0, 3888.0
728.0, 469.0, 458.0, 3891.0, 3889.0, 3832.0
470.0, 469.0, 747.0, 3834.0, 3892.0, 3893.0
728.0, 747.0, 469.0, 3894.0, 3891.0, 3893.0
470.0, 752.0, 722.0, 3895.0, 3880.0, 3896.0
470.0, 747.0, 752.0, 3892.0, 3895.0, 3897.0
471.0, 753.0, 552.0, 3898.0, 3844.0, 3899.0
550.0, 753.0, 471.0, 3900.0, 3838.0, 3898.0
550.0, 722.0, 753.0, 3877.0, 3900.0, 3901.0
598.0, 597.0, 754.0, 4231.0, 4266.0, 4267.0
598.0, 754.0, 635.0, 4266.0, 4247.0, 4268.0
763.0, 526.0, 764.0, 3462.0, 3463.0, 3464.0
764.0, 526.0, 487.0, 3464.0, 3465.0, 3431.0
764.0, 771.0, 763.0, 3466.0, 3463.0, 3467.0
490.0, 772.0, 487.0, 3468.0, 3416.0, 3469.0
764.0, 772.0, 771.0, 3470.0, 3466.0, 3471.0
490.0, 495.0, 772.0, 3418.0, 3468.0, 3472.0
764.0, 487.0, 772.0, 3465.0, 3470.0, 3469.0
510.0, 772.0, 495.0, 3473.0, 3474.0, 3472.0
779.0, 771.0, 772.0, 3475.0, 3476.0, 3471.0
510.0, 779.0, 772.0, 3477.0, 3473.0, 3476.0
495.0, 496.0, 782.0, 3422.0, 3478.0, 3479.0
569.0, 782.0, 496.0, 3480.0, 3451.0, 3479.0
510.0, 495.0, 782.0, 3474.0, 3481.0, 3478.0
783.0, 782.0, 569.0, 3482.0, 3483.0, 3480.0
571.0, 783.0, 569.0, 3484.0, 3457.0, 3483.0
510.0, 784.0, 779.0, 3485.0, 3477.0, 3486.0
510.0, 782.0, 784.0, 3481.0, 3485.0, 3487.0
787.0, 499.0, 511.0, 3488.0, 3489.0, 3426.0
787.0, 570.0, 499.0, 3490.0, 3488.0, 3454.0
562.0, 691.0, 799.0, 3460.0, 3491.0, 3492.0
562.0, 799.0, 511.0, 3491.0, 3438.0, 3493.0
799.0, 800.0, 511.0, 3494.0, 3493.0, 3495.0
787.0, 511.0, 800.0, 3489.0, 3496.0, 3495.0
806.0, 519.0, 532.0, 4269.0, 4270.0, 4227.0
519.0, 806.0, 597.0, 4269.0, 4229.0, 4271.0
806.0, 807.0, 597.0, 4272.0, 4271.0, 4273.0
597.0, 807.0, 754.0, 4273.0, 4267.0, 4274.0
523.0, 531.0, 814.0, 4224.0, 4275.0, 4276.0
523.0, 814.0, 522.0, 4275.0, 4220.0, 4277.0
814.0, 524.0, 522.0, 4278.0, 4277.0, 4222.0
815.0, 524.0, 814.0, 4279.0, 4280.0, 4278.0
815.0, 532.0, 524.0, 4281.0, 4279.0, 4226.0
814.0, 531.0, 817.0, 4276.0, 4282.0, 3229.0
817.0, 815.0, 814.0, 4283.0, 4282.0, 4280.0
818.0, 529.0, 526.0, 3219.0, 3497.0, 3433.0
818.0, 526.0, 763.0, 3497.0, 3498.0, 3462.0
818.0, 821.0, 529.0, 4747.0, 3219.0, 4748.0
530.0, 529.0, 821.0, 4744.0, 4749.0, 4748.0
822.0, 817.0, 531.0, 4750.0, 4751.0, 3229.0
530.0, 822.0, 531.0, 4752.0, 4746.0, 4751.0
530.0, 821.0, 822.0, 4749.0, 4752.0, 4753.0
532.0, 815.0, 823.0, 4281.0, 4284.0, 4285.0
823.0, 806.0, 532.0, 4286.0, 4284.0, 4270.0
815.0, 817.0, 827.0, 4283.0, 4287.0, 3230.0
827.0, 823.0, 815.0, 4288.0, 4287.0, 4285.0
843.0, 552.0, 753.0, 3902.0, 3903.0, 3899.0
844.0, 564.0, 566.0, 3499.0, 3500.0, 3450.0
844.0, 691.0, 564.0, 3501.0, 3499.0, 3461.0
847.0, 566.0, 554.0, 3502.0, 3503.0, 3447.0
847.0, 844.0, 566.0, 3504.0, 3502.0, 3500.0
554.0, 555.0, 848.0, 3437.0, 3505.0, 3199.0
848.0, 847.0, 554.0, 3506.0, 3505.0, 3503.0
852.0, 558.0, 557.0, 3209.0, 3904.0, 3853.0
852.0, 557.0, 553.0, 3904.0, 3905.0, 3849.0
552.0, 855.0, 553.0, 3906.0, 3846.0, 3907.0
552.0, 843.0, 855.0, 3902.0, 3906.0, 3908.0
856.0, 852.0, 553.0, 3210.0, 3909.0, 3905.0
553.0, 855.0, 856.0, 3907.0, 3909.0, 3910.0
858.0, 848.0, 555.0, 4383.0, 4384.0, 3199.0
559.0, 858.0, 555.0, 4385.0, 4380.0, 4384.0
852.0, 859.0, 558.0, 4386.0, 3209.0, 4387.0
559.0, 558.0, 859.0, 4382.0, 4388.0, 4387.0
559.0, 859.0, 858.0, 4388.0, 4385.0, 4389.0
787.0, 869.0, 570.0, 3507.0, 3490.0, 3508.0
783.0, 571.0, 869.0, 3484.0, 3509.0, 3510.0
787.0, 800.0, 869.0, 3496.0, 3507.0, 3511.0
571.0, 570.0, 869.0, 3459.0, 3510.0, 3508.0
892.0, 818.0, 763.0, 3220.0, 3512.0, 3498.0
847.0, 848.0, 894.0, 3506.0, 3513.0, 3200.0
799.0, 691.0, 895.0, 3492.0, 3514.0, 3515.0
896.0, 691.0, 844.0, 3516.0, 3517.0, 3501.0
691.0, 896.0, 895.0, 3516.0, 3515.0, 3518.0
763.0, 897.0, 892.0, 3519.0, 3512.0, 3520.0
771.0, 897.0, 763.0, 3521.0, 3467.0, 3519.0
771.0, 899.0, 897.0, 3522.0, 3521.0, 3523.0
899.0, 771.0, 779.0, 3522.0, 3524.0, 3475.0
660.0, 643.0, 917.0, 4263.0, 4289.0, 4290.0
629.0, 953.0, 630.0, 4291.0, 4241.0, 4292.0
953.0, 629.0, 638.0, 4291.0, 4293.0, 4250.0
643.0, 954.0, 917.0, 4294.0, 4290.0, 4295.0
643.0, 630.0, 954.0, 4258.0, 4294.0, 4296.0
953.0, 954.0, 630.0, 4297.0, 4292.0, 4296.0
957.0, 638.0, 635.0, 4298.0, 4299.0, 4251.0
754.0, 958.0, 635.0, 4300.0, 4268.0, 4301.0
957.0, 635.0, 958.0, 4299.0, 4302.0, 4301.0
638.0, 965.0, 953.0, 4303.0, 4293.0, 4304.0
957.0, 965.0, 638.0, 4305.0, 4298.0, 4303.0
953.0, 966.0, 954.0, 4306.0, 4297.0, 4307.0
965.0, 966.0, 953.0, 4308.0, 4304.0, 4306.0
965.0, 967.0, 966.0, 4309.0, 4308.0, 4310.0
968.0, 661.0, 660.0, 3261.0, 4311.0, 4265.0
917.0, 968.0, 660.0, 4312.0, 4289.0, 4311.0
968.0, 917.0, 969.0, 4312.0, 3262.0, 4313.0
917.0, 970.0, 969.0, 4314.0, 4313.0, 4315.0
954.0, 970.0, 917.0, 4316.0, 4295.0, 4314.0
954.0, 966.0, 970.0, 4307.0, 4316.0, 4317.0
984.0, 669.0, 649.0, 5118.0, 5119.0, 3250.0
649.0, 656.0, 984.0, 5111.0, 5119.0, 5120.0
661.0, 989.0, 653.0, 5121.0, 3260.0, 5122.0
658.0, 653.0, 989.0, 5114.0, 5123.0, 5122.0
990.0, 984.0, 656.0, 5124.0, 5125.0, 5120.0
656.0, 658.0, 990.0, 5117.0, 5125.0, 5126.0
991.0, 658.0, 989.0, 5127.0, 5128.0, 5123.0
991.0, 990.0, 658.0, 5129.0, 5127.0, 5126.0
968.0, 992.0, 661.0, 5130.0, 3261.0, 5131.0
989.0, 661.0, 992.0, 5121.0, 5132.0, 5131.0
673.0, 671.0, 1003.0, 3874.0, 3911.0, 3912.0
1003.0, 723.0, 673.0, 3913.0, 3911.0, 3883.0
669.0, 1004.0, 671.0, 3251.0, 3871.0, 3914.0
671.0, 1004.0, 1003.0, 3914.0, 3912.0, 3915.0
669.0, 1006.0, 1004.0, 5133.0, 3251.0, 5134.0
984.0, 1006.0, 669.0, 5135.0, 5118.0, 5133.0
1003.0, 1011.0, 723.0, 3916.0, 3913.0, 3917.0
1004.0, 1013.0, 1003.0, 3252.0, 3915.0, 3918.0
1003.0, 1013.0, 1011.0, 3918.0, 3916.0, 3919.0
894.0, 1024.0, 847.0, 3525.0, 3513.0, 3526.0
844.0, 847.0, 1024.0, 3504.0, 3527.0, 3526.0
1024.0, 896.0, 844.0, 3528.0, 3527.0, 3517.0
753.0, 1056.0, 843.0, 3920.0, 3903.0, 3921.0
753.0, 722.0, 1056.0, 3901.0, 3920.0, 3922.0
752.0, 1055.0, 1056.0, 3923.0, 3924.0, 3925.0
752.0, 1056.0, 722.0, 3924.0, 3896.0, 3922.0
728.0, 727.0, 1057.0, 3890.0, 3926.0, 3927.0
728.0, 1057.0, 747.0, 3926.0, 3894.0, 3928.0
1058.0, 1055.0, 752.0, 3929.0, 3930.0, 3923.0
752.0, 747.0, 1058.0, 3897.0, 3930.0, 3931.0
1058.0, 747.0, 1057.0, 3931.0, 3932.0, 3928.0
1060.0, 723.0, 1011.0, 3933.0, 3934.0, 3917.0
723.0, 1060.0, 1062.0, 3933.0, 3935.0, 3936.0
723.0, 1062.0, 726.0, 3935.0, 3882.0, 3937.0
727.0, 726.0, 1062.0, 3887.0, 3938.0, 3937.0
727.0, 1062.0, 1057.0, 3938.0, 3927.0, 3939.0
1084.0, 843.0, 1056.0, 3940.0, 3941.0, 3921.0
1055.0, 1083.0, 1084.0, 3942.0, 3943.0, 3944.0
1055.0, 1084.0, 1056.0, 3943.0, 3925.0, 3941.0
1096.0, 754.0, 807.0, 4318.0, 4319.0, 4274.0
958.0, 754.0, 1096.0, 4300.0, 4320.0, 4318.0
806.0, 823.0, 1098.0, 4286.0, 4321.0, 4322.0
807.0, 806.0, 1098.0, 4272.0, 4323.0, 4321.0
807.0, 1098.0, 1099.0, 4323.0, 4324.0, 4325.0
1096.0, 807.0, 1099.0, 4319.0, 4326.0, 4324.0
823.0, 827.0, 1100.0, 4288.0, 4327.0, 3231.0
823.0, 1100.0, 1098.0, 4327.0, 4322.0, 4328.0
1098.0, 1100.0, 1101.0, 4328.0, 4329.0, 3232.0
1098.0, 1101.0, 1099.0, 4329.0, 4325.0, 4330.0
779.0, 1122.0, 899.0, 3529.0, 3524.0, 3530.0
784.0, 1122.0, 779.0, 3531.0, 3486.0, 3529.0
783.0, 869.0, 1126.0, 3509.0, 3532.0, 3533.0
782.0, 1126.0, 784.0, 3534.0, 3487.0, 3535.0
783.0, 1126.0, 782.0, 3532.0, 3482.0, 3534.0
1122.0, 784.0, 1127.0, 3531.0, 3536.0, 3537.0
1127.0, 784.0, 1126.0, 3537.0, 3538.0, 3535.0
1127.0, 1126.0, 1128.0, 3538.0, 3539.0, 3540.0
1126.0, 869.0, 1128.0, 3533.0, 3540.0, 3541.0
1132.0, 869.0, 800.0, 3542.0, 3543.0, 3511.0
1132.0, 1128.0, 869.0, 3544.0, 3542.0, 3541.0
799.0, 895.0, 1139.0, 3514.0, 3545.0, 3546.0
1139.0, 800.0, 799.0, 3547.0, 3545.0, 3494.0
1132.0, 800.0, 1139.0, 3543.0, 3548.0, 3547.0
1139.0, 895.0, 1140.0, 3546.0, 3549.0, 3550.0
1153.0, 827.0, 817.0, 4754.0, 4755.0, 3230.0
822.0, 1153.0, 817.0, 4756.0, 4750.0, 4755.0
892.0, 1155.0, 818.0, 4757.0, 3220.0, 4758.0
818.0, 1155.0, 821.0, 4758.0, 4747.0, 4759.0
1158.0, 821.0, 1155.0, 4760.0, 4761.0, 4759.0
1153.0, 822.0, 1159.0, 4756.0, 4762.0, 4763.0
822.0, 821.0, 1159.0, 4753.0, 4763.0, 4764.0
1158.0, 1159.0, 821.0, 4765.0, 4760.0, 4764.0
827.0, 1163.0, 1100.0, 4766.0, 3231.0, 4767.0
1153.0, 1163.0, 827.0, 4768.0, 4754.0, 4766.0
1083.0, 1177.0, 1084.0, 3945.0, 3944.0, 3946.0
855.0, 843.0, 1178.0, 3908.0, 3947.0, 3948.0
1084.0, 1177.0, 1178.0, 3946.0, 3949.0, 3950.0
843.0, 1084.0, 1178.0, 3940.0, 3948.0, 3949.0
1179.0, 856.0, 855.0, 3211.0, 3951.0, 3910.0
1178.0, 1179.0, 855.0, 3952.0, 3947.0, 3951.0
1178.0, 1180.0, 1179.0, 3953.0, 3952.0, 3212.0
1178.0, 1177.0, 1180.0, 3950.0, 3953.0, 3954.0
1184.0, 894.0, 848.0, 4390.0, 4391.0, 3200.0
848.0, 858.0, 1184.0, 4383.0, 4391.0, 4392.0
856.0, 1189.0, 852.0, 4393.0, 3210.0, 4394.0
859.0, 852.0, 1189.0, 4386.0, 4395.0, 4394.0
1179.0, 1191.0, 856.0, 4396.0, 3211.0, 4397.0
1189.0, 856.0, 1191.0, 4393.0, 4398.0, 4397.0
1196.0, 1184.0, 858.0, 4399.0, 4400.0, 4392.0
858.0, 859.0, 1196.0, 4389.0, 4400.0, 4401.0
1197.0, 859.0, 1189.0, 4402.0, 4403.0, 4395.0
1197.0, 1196.0, 859.0, 4404.0, 4402.0, 4401.0
1228.0, 892.0, 897.0, 3221.0, 3551.0, 3520.0
1229.0, 892.0, 1228.0, 4769.0, 4770.0, 3221.0
1155.0, 892.0, 1229.0, 4757.0, 4771.0, 4769.0
1024.0, 894.0, 1230.0, 3525.0, 3552.0, 3201.0
894.0, 1231.0, 1230.0, 4405.0, 3201.0, 4406.0
1184.0, 1231.0, 894.0, 4407.0, 4390.0, 4405.0
1024.0, 1230.0, 1235.0, 3552.0, 3553.0, 3554.0
896.0, 1024.0, 1235.0, 3528.0, 3555.0, 3553.0
1236.0, 896.0, 1235.0, 3556.0, 3557.0, 3555.0
896.0, 1236.0, 895.0, 3556.0, 3518.0, 3558.0
895.0, 1236.0, 1140.0, 3558.0, 3550.0, 3559.0
1237.0, 1228.0, 897.0, 3560.0, 3561.0, 3551.0
897.0, 899.0, 1237.0, 3523.0, 3561.0, 3562.0
1235.0, 1230.0, 1241.0, 3554.0, 3563.0, 3202.0
1235.0, 1241.0, 1242.0, 3563.0, 3564.0, 3565.0
1236.0, 1235.0, 1242.0, 3557.0, 3566.0, 3564.0
1243.0, 1236.0, 1242.0, 3567.0, 3568.0, 3566.0
1243.0, 1140.0, 1236.0, 3569.0, 3567.0, 3559.0
899.0, 1244.0, 1237.0, 3570.0, 3562.0, 3571.0
899.0, 1122.0, 1244.0, 3530.0, 3570.0, 3572.0
1245.0, 1244.0, 1122.0, 3573.0, 3574.0, 3572.0
1127.0, 1245.0, 1122.0, 3575.0, 3536.0, 3574.0
1244.0, 1247.0, 1237.0, 3576.0, 3571.0, 3577.0
1228.0, 1237.0, 1248.0, 3560.0, 3222.0, 3578.0
1237.0, 1247.0, 1248.0, 3577.0, 3578.0, 3579.0
967.0, 965.0, 1267.0, 4309.0, 4331.0, 4332.0
957.0, 1267.0, 965.0, 4333.0, 4305.0, 4332.0
957.0, 958.0, 1267.0, 4302.0, 4333.0, 4334.0
1099.0, 1268.0, 1096.0, 4335.0, 4326.0, 4336.0
1269.0, 1096.0, 1268.0, 4337.0, 4338.0, 4336.0
1096.0, 1269.0, 958.0, 4337.0, 4320.0, 4339.0
1269.0, 1267.0, 958.0, 4340.0, 4339.0, 4334.0
967.0, 1267.0, 1270.0, 4331.0, 4341.0, 4342.0
970.0, 966.0, 1322.0, 4317.0, 4343.0, 4344.0
967.0, 1322.0, 966.0, 4345.0, 4310.0, 4344.0
1322.0, 967.0, 1323.0, 4345.0, 4346.0, 4347.0
1323.0, 967.0, 1270.0, 4347.0, 4348.0, 4341.0
1323.0, 1326.0, 1322.0, 4349.0, 4346.0, 4350.0
969.0, 970.0, 1327.0, 4315.0, 3263.0, 4351.0
1327.0, 1322.0, 1326.0, 4352.0, 3264.0, 4350.0
970.0, 1322.0, 1327.0, 4343.0, 4351.0, 4352.0
968.0, 969.0, 1328.0, 3262.0, 5136.0, 5137.0
992.0, 968.0, 1328.0, 5130.0, 5138.0, 5136.0
969.0, 1327.0, 1330.0, 3263.0, 5139.0, 5140.0
969.0, 1330.0, 1328.0, 5139.0, 5137.0, 5141.0
1006.0, 984.0, 1344.0, 5135.0, 5142.0, 5143.0
984.0, 990.0, 1344.0, 5124.0, 5143.0, 5144.0
992.0, 1348.0, 989.0, 5145.0, 5132.0, 5146.0
991.0, 989.0, 1348.0, 5128.0, 5147.0, 5146.0
1344.0, 990.0, 1349.0, 5144.0, 5148.0, 5149.0
991.0, 1348.0, 1349.0, 5147.0, 5150.0, 5151.0
991.0, 1349.0, 990.0, 5150.0, 5129.0, 5149.0
1328.0, 1350.0, 992.0, 5152.0, 5138.0, 5153.0
1348.0, 992.0, 1350.0, 5145.0, 5154.0, 5153.0
1004.0, 1367.0, 1013.0, 5155.0, 3252.0, 5156.0
1006.0, 1367.0, 1004.0, 5157.0, 5134.0, 5155.0
1369.0, 1367.0, 1006.0, 5158.0, 5159.0, 5157.0
1344.0, 1369.0, 1006.0, 5160.0, 5142.0, 5159.0
1011.0, 1373.0, 1060.0, 3955.0, 3934.0, 3956.0
1013.0, 1378.0, 1011.0, 3253.0, 3919.0, 3957.0
1373.0, 1011.0, 1378.0, 3955.0, 3958.0, 3957.0
1013.0, 1381.0, 1378.0, 5161.0, 3253.0, 5162.0
1367.0, 1381.0, 1013.0, 5163.0, 5156.0, 5161.0
1378.0, 1382.0, 1373.0, 3254.0, 3958.0, 3959.0
1415.0, 1083.0, 1055.0, 3960.0, 3961.0, 3942.0
1058.0, 1415.0, 1055.0, 3962.0, 3929.0, 3961.0
1416.0, 1415.0, 1058.0, 3963.0, 3964.0, 3962.0
1416.0, 1058.0, 1057.0, 3964.0, 3965.0, 3932.0
1417.0, 1062.0, 1060.0, 3966.0, 3967.0, 3936.0
1062.0, 1417.0, 1057.0, 3966.0, 3939.0, 3968.0
1416.0, 1057.0, 1417.0, 3965.0, 3969.0, 3968.0
1415.0, 1421.0, 1083.0, 3970.0, 3960.0, 3971.0
1423.0, 1060.0, 1373.0, 3972.0, 3973.0, 3956.0
1060.0, 1423.0, 1417.0, 3972.0, 3967.0, 3974.0
1421.0, 1415.0, 1425.0, 3970.0, 3975.0, 3976.0
1423.0, 1425.0, 1417.0, 3977.0, 3974.0, 3978.0
1416.0, 1425.0, 1415.0, 3979.0, 3963.0, 3976.0
1416.0, 1417.0, 1425.0, 3969.0, 3979.0, 3978.0
1427.0, 1425.0, 1423.0, 3980.0, 3981.0, 3977.0
1083.0, 1454.0, 1177.0, 3982.0, 3945.0, 3983.0
1454.0, 1083.0, 1421.0, 3982.0, 3984.0, 3971.0
1177.0, 1455.0, 1180.0, 3985.0, 3954.0, 3213.0
1177.0, 1454.0, 1455.0, 3983.0, 3985.0, 3986.0
1454.0, 1457.0, 1455.0, 3987.0, 3986.0, 3214.0
1099.0, 1101.0, 1471.0, 4330.0, 4353.0, 3233.0
1268.0, 1099.0, 1471.0, 4335.0, 4354.0, 4353.0
1471.0, 1473.0, 1268.0, 3234.0, 4354.0, 4355.0
1100.0, 1476.0, 1101.0, 4772.0, 3232.0, 4773.0
1100.0, 1163.0, 1476.0, 4767.0, 4772.0, 4774.0
1101.0, 1478.0, 1471.0, 4775.0, 3233.0, 4776.0
1101.0, 1476.0, 1478.0, 4773.0, 4775.0, 4777.0
1245.0, 1127.0, 1499.0, 3575.0, 3580.0, 3581.0
1128.0, 1499.0, 1127.0, 3582.0, 3539.0, 3581.0
1139.0, 1140.0, 1501.0, 3549.0, 3583.0, 3584.0
1132.0, 1139.0, 1501.0, 3548.0, 3585.0, 3583.0
1499.0, 1128.0, 1501.0, 3582.0, 3586.0, 3587.0
1132.0, 1501.0, 1128.0, 3585.0, 3544.0, 3587.0
1243.0, 1249.0, 1502.0, 3588.0, 3589.0, 3590.0
1502.0, 1140.0, 1243.0, 3591.0, 3589.0, 3569.0
1140.0, 1502.0, 1501.0, 3591.0, 3584.0, 3592.0
1503.0, 1501.0, 1502.0, 3593.0, 3594.0, 3592.0
1503.0, 1499.0, 1501.0, 3595.0, 3593.0, 3586.0
1163.0, 1153.0, 1523.0, 4768.0, 4778.0, 4779.0
1159.0, 1523.0, 1153.0, 4780.0, 4762.0, 4779.0
1155.0, 1229.0, 1525.0, 4771.0, 4781.0, 4782.0
1158.0, 1155.0, 1525.0, 4761.0, 4783.0, 4781.0
1523.0, 1159.0, 1528.0, 4780.0, 4784.0, 4785.0
1158.0, 1525.0, 1528.0, 4783.0, 4786.0, 4787.0
1158.0, 1528.0, 1159.0, 4786.0, 4765.0, 4785.0
1476.0, 1163.0, 1529.0, 4774.0, 4788.0, 4789.0
1523.0, 1529.0, 1163.0, 4790.0, 4778.0, 4789.0
1180.0, 1455.0, 1547.0, 3213.0, 4408.0, 4409.0
1179.0, 1180.0, 1549.0, 3212.0, 4410.0, 4411.0
1191.0, 1179.0, 1549.0, 4396.0, 4412.0, 4410.0
1180.0, 1547.0, 1549.0, 4408.0, 4411.0, 4413.0
1231.0, 1184.0, 1552.0, 4407.0, 4414.0, 4415.0
1184.0, 1196.0, 1552.0, 4399.0, 4415.0, 4416.0
1191.0, 1559.0, 1189.0, 4417.0, 4398.0, 4418.0
1197.0, 1189.0, 1559.0, 4403.0, 4419.0, 4418.0
1549.0, 1560.0, 1191.0, 4420.0, 4412.0, 4421.0
1559.0, 1191.0, 1560.0, 4417.0, 4422.0, 4421.0
1552.0, 1196.0, 1563.0, 4416.0, 4423.0, 4424.0
1197.0, 1559.0, 1563.0, 4419.0, 4425.0, 4426.0
1197.0, 1563.0, 1196.0, 4425.0, 4404.0, 4424.0
1228.0, 1248.0, 1588.0, 3222.0, 4791.0, 4792.0
1229.0, 1228.0, 1588.0, 4770.0, 4793.0, 4791.0
1588.0, 1589.0, 1229.0, 4794.0, 4793.0, 4795.0
1525.0, 1229.0, 1589.0, 4782.0, 4796.0, 4795.0
1230.0, 1590.0, 1241.0, 4427.0, 3202.0, 4428.0
1231.0, 1590.0, 1230.0, 4429.0, 4406.0, 4427.0
1591.0, 1590.0, 1231.0, 4430.0, 4431.0, 4429.0
1552.0, 1591.0, 1231.0, 4432.0, 4414.0, 4431.0
1242.0, 1600.0, 1243.0, 3596.0, 3568.0, 3597.0
1249.0, 1243.0, 1600.0, 3588.0, 3598.0, 3597.0
1242.0, 1241.0, 1601.0, 3565.0, 3599.0, 3203.0
1600.0, 1242.0, 1601.0, 3596.0, 3600.0, 3599.0
1241.0, 1602.0, 1601.0, 4433.0, 3203.0, 4434.0
1590.0, 1602.0, 1241.0, 4435.0, 4428.0, 4433.0
1249.0, 1607.0, 1502.0, 3601.0, 3590.0, 3602.0
1503.0, 1502.0, 1607.0, 3594.0, 3603.0, 3602.0
1503.0, 1607.0, 1608.0, 3603.0, 3604.0, 3605.0
1499.0, 1608.0, 1245.0, 3606.0, 3580.0, 3607.0
1503.0, 1608.0, 1499.0, 3604.0, 3595.0, 3606.0
1244.0, 1610.0, 1247.0, 3608.0, 3576.0, 3609.0
1245.0, 1610.0, 1244.0, 3610.0, 3573.0, 3608.0
1608.0, 1610.0, 1245.0, 3611.0, 3607.0, 3610.0
1611.0, 1607.0, 1249.0, 3612.0, 3613.0, 3601.0
1588.0, 1248.0, 1615.0, 4792.0, 4797.0, 4798.0
1247.0, 1610.0, 1616.0, 3609.0, 3614.0, 3615.0
1248.0, 1247.0, 1617.0, 3579.0, 3223.0, 3616.0
1247.0, 1616.0, 1617.0, 3614.0, 3616.0, 3617.0
1248.0, 1617.0, 1615.0, 3223.0, 4798.0, 4799.0
1617.0, 1616.0, 1619.0, 3617.0, 3224.0, 3618.0
1600.0, 1622.0, 1249.0, 3619.0, 3598.0, 3620.0
1611.0, 1249.0, 1622.0, 3613.0, 3621.0, 3620.0
1601.0, 1623.0, 1600.0, 3204.0, 3600.0, 3622.0
1622.0, 1600.0, 1623.0, 3619.0, 3623.0, 3622.0
1611.0, 1622.0, 1624.0, 3621.0, 3624.0, 3625.0
1641.0, 1267.0, 1269.0, 4356.0, 4357.0, 4340.0
1641.0, 1270.0, 1267.0, 4358.0, 4356.0, 4342.0
1642.0, 1268.0, 1473.0, 4359.0, 4360.0, 4355.0
1268.0, 1642.0, 1269.0, 4359.0, 4338.0, 4361.0
1641.0, 1269.0, 1642.0, 4357.0, 4362.0, 4361.0
1641.0, 1642.0, 1647.0, 4362.0, 4363.0, 4364.0
1641.0, 1647.0, 1270.0, 4363.0, 4358.0, 4365.0
1473.0, 1648.0, 1642.0, 3235.0, 4360.0, 4366.0
1647.0, 1642.0, 1648.0, 4364.0, 4367.0, 4366.0
1648.0, 1649.0, 1647.0, 3236.0, 4367.0, 4368.0
1270.0, 1651.0, 1323.0, 4369.0, 4348.0, 4370.0
1651.0, 1270.0, 1647.0, 4369.0, 4371.0, 4365.0
1326.0, 1323.0, 1652.0, 4349.0, 3265.0, 4372.0
1652.0, 1323.0, 1651.0, 4372.0, 4373.0, 4370.0
1651.0, 1653.0, 1652.0, 4374.0, 4373.0, 3266.0
1655.0, 1653.0, 1651.0, 4375.0, 4376.0, 4374.0
1655.0, 1647.0, 1649.0, 4377.0, 4378.0, 4368.0
1655.0, 1651.0, 1647.0, 4376.0, 4377.0, 4371.0
1708.0, 1326.0, 1652.0, 5164.0, 5165.0, 3265.0
1327.0, 1326.0, 1709.0, 3264.0, 5166.0, 5167.0
1327.0, 1709.0, 1330.0, 5166.0, 5140.0, 5168.0
1326.0, 1708.0, 1709.0, 5164.0, 5167.0, 5169.0
1710.0, 1328.0, 1330.0, 5170.0, 5171.0, 5141.0
1350.0, 1328.0, 1710.0, 5152.0, 5172.0, 5170.0
1712.0, 1330.0, 1709.0, 5173.0, 5174.0, 5168.0
1712.0, 1710.0, 1330.0, 5175.0, 5173.0, 5171.0
1722.0, 1369.0, 1344.0, 5176.0, 5177.0, 5160.0
1344.0, 1349.0, 1722.0, 5148.0, 5177.0, 5178.0
1350.0, 1723.0, 1348.0, 5179.0, 5154.0, 5180.0
1348.0, 1723.0, 1349.0, 5180.0, 5151.0, 5181.0
1724.0, 1722.0, 1349.0, 5182.0, 5183.0, 5178.0
1724.0, 1349.0, 1723.0, 5183.0, 5184.0, 5181.0
1350.0, 1710.0, 1726.0, 5172.0, 5185.0, 5186.0
1723.0, 1350.0, 1726.0, 5179.0, 5187.0, 5185.0
1367.0, 1741.0, 1381.0, 5188.0, 5163.0, 5189.0
1369.0, 1741.0, 1367.0, 5190.0, 5158.0, 5188.0
1741.0, 1369.0, 1743.0, 5190.0, 5191.0, 5192.0
1722.0, 1743.0, 1369.0, 5193.0, 5176.0, 5192.0
1747.0, 1457.0, 1454.0, 3988.0, 3989.0, 3987.0
1454.0, 1421.0, 1747.0, 3984.0, 3989.0, 3990.0
1747.0, 1421.0, 1748.0, 3990.0, 3991.0, 3992.0
1421.0, 1425.0, 1748.0, 3975.0, 3992.0, 3993.0
1427.0, 1748.0, 1425.0, 3994.0, 3980.0, 3993.0
1749.0, 1373.0, 1382.0, 3995.0, 3996.0, 3959.0
1749.0, 1423.0, 1373.0, 3997.0, 3995.0, 3973.0
1427.0, 1423.0, 1749.0, 3981.0, 3998.0, 3997.0
1378.0, 1754.0, 1382.0, 5194.0, 3254.0, 5195.0
1381.0, 1754.0, 1378.0, 5196.0, 5162.0, 5194.0
1754.0, 1381.0, 1757.0, 5196.0, 5197.0, 5198.0
1757.0, 1381.0, 1741.0, 5198.0, 5199.0, 5189.0
1382.0, 1759.0, 1749.0, 3255.0, 3996.0, 3999.0
1382.0, 1760.0, 1759.0, 5200.0, 3255.0, 5201.0
1760.0, 1382.0, 1754.0, 5200.0, 5202.0, 5195.0
1759.0, 1761.0, 1762.0, 3256.0, 4000.0, 4001.0
1762.0, 1749.0, 1759.0, 4002.0, 4000.0, 3999.0
1427.0, 1749.0, 1762.0, 3998.0, 4003.0, 4002.0
1427.0, 1762.0, 1748.0, 4003.0, 3994.0, 4004.0
1747.0, 1748.0, 1763.0, 3991.0, 4005.0, 4006.0
1763.0, 1748.0, 1762.0, 4006.0, 4007.0, 4004.0
1457.0, 1747.0, 1764.0, 3988.0, 3215.0, 4008.0
1763.0, 1764.0, 1747.0, 4009.0, 4005.0, 4008.0
1765.0, 1762.0, 1761.0, 4010.0, 4011.0, 4001.0
1765.0, 1763.0, 1762.0, 4012.0, 4010.0, 4007.0
1763.0, 1766.0, 1764.0, 4013.0, 4009.0, 3216.0
1765.0, 1766.0, 1763.0, 4014.0, 4012.0, 4013.0
1455.0, 1457.0, 1831.0, 3214.0, 4436.0, 4437.0
1455.0, 1831.0, 1547.0, 4436.0, 4409.0, 4438.0
1832.0, 1457.0, 1764.0, 4439.0, 4440.0, 3215.0
1457.0, 1832.0, 1831.0, 4439.0, 4437.0, 4441.0
1471.0, 1843.0, 1473.0, 4800.0, 3234.0, 4801.0
1478.0, 1843.0, 1471.0, 4802.0, 4776.0, 4800.0
1473.0, 1845.0, 1648.0, 4803.0, 3235.0, 4804.0
1845.0, 1473.0, 1843.0, 4803.0, 4805.0, 4801.0
1478.0, 1476.0, 1848.0, 4777.0, 4806.0, 4807.0
1529.0, 1848.0, 1476.0, 4808.0, 4788.0, 4807.0
1852.0, 1843.0, 1478.0, 4809.0, 4810.0, 4802.0
1852.0, 1478.0, 1848.0, 4810.0, 4811.0, 4806.0
1529.0, 1523.0, 1887.0, 4790.0, 4812.0, 4813.0
1523.0, 1528.0, 1887.0, 4784.0, 4813.0, 4814.0
1525.0, 1589.0, 1888.0, 4796.0, 4815.0, 4816.0
1525.0, 1888.0, 1528.0, 4815.0, 4787.0, 4817.0
1890.0, 1887.0, 1528.0, 4818.0, 4819.0, 4814.0
1890.0, 1528.0, 1888.0, 4819.0, 4820.0, 4817.0
1529.0, 1893.0, 1848.0, 4821.0, 4808.0, 4822.0
1887.0, 1893.0, 1529.0, 4823.0, 4812.0, 4821.0
1913.0, 1547.0, 1831.0, 4442.0, 4443.0, 4438.0
1914.0, 1549.0, 1547.0, 4444.0, 4445.0, 4413.0
1560.0, 1549.0, 1914.0, 4420.0, 4446.0, 4444.0
1913.0, 1914.0, 1547.0, 4447.0, 4442.0, 4445.0
1915.0, 1591.0, 1552.0, 4448.0, 4449.0, 4432.0
1552.0, 1563.0, 1915.0, 4423.0, 4449.0, 4450.0
1560.0, 1914.0, 1920.0, 4446.0, 4451.0, 4452.0
1560.0, 1921.0, 1559.0, 4453.0, 4422.0, 4454.0
1559.0, 1921.0, 1563.0, 4454.0, 4426.0, 4455.0
1921.0, 1560.0, 1920.0, 4453.0, 4456.0, 4451.0
1923.0, 1915.0, 1563.0, 4457.0, 4458.0, 4450.0
1923.0, 1563.0, 1921.0, 4458.0, 4459.0, 4455.0
1888.0, 1589.0, 1938.0, 4816.0, 4824.0, 4825.0
1940.0, 1588.0, 1615.0, 4826.0, 4827.0, 4797.0
1589.0, 1588.0, 1940.0, 4794.0, 4828.0, 4826.0
1940.0, 1938.0, 1589.0, 4829.0, 4828.0, 4825.0
1590.0, 1941.0, 1602.0, 4460.0, 4435.0, 4461.0
1591.0, 1941.0, 1590.0, 4462.0, 4430.0, 4460.0
1941.0, 1591.0, 1942.0, 4462.0, 4463.0, 4464.0
1915.0, 1942.0, 1591.0, 4465.0, 4448.0, 4464.0
1601.0, 1950.0, 1623.0, 4466.0, 3204.0, 4467.0
1602.0, 1950.0, 1601.0, 4468.0, 4434.0, 4466.0
1950.0, 1602.0, 1951.0, 4468.0, 4469.0, 4470.0
1951.0, 1602.0, 1941.0, 4470.0, 4471.0, 4461.0
1611.0, 1624.0, 1958.0, 3624.0, 3626.0, 3627.0
1611.0, 1958.0, 1607.0, 3626.0, 3612.0, 3628.0
1959.0, 1619.0, 1616.0, 3629.0, 3630.0, 3618.0
1616.0, 1960.0, 1959.0, 3631.0, 3630.0, 3632.0
1960.0, 1616.0, 1610.0, 3631.0, 3633.0, 3615.0
1959.0, 1960.0, 1958.0, 3632.0, 3634.0, 3635.0
1608.0, 1960.0, 1610.0, 3636.0, 3611.0, 3633.0
1960.0, 1607.0, 1958.0, 3637.0, 3635.0, 3628.0
1960.0, 1608.0, 1607.0, 3636.0, 3637.0, 3605.0
1940.0, 1615.0, 1968.0, 4827.0, 4830.0, 4831.0
1617.0, 1619.0, 1969.0, 3224.0, 4832.0, 4833.0
1615.0, 1617.0, 1969.0, 4799.0, 4834.0, 4832.0
1968.0, 1615.0, 1969.0, 4831.0, 4835.0, 4834.0
1958.0, 1973.0, 1959.0, 3638.0, 3634.0, 3639.0
1973.0, 1958.0, 1624.0, 3638.0, 3640.0, 3627.0
1619.0, 1959.0, 1974.0, 3629.0, 3225.0, 3641.0
1974.0, 1959.0, 1973.0, 3641.0, 3642.0, 3639.0
1975.0, 1619.0, 1974.0, 4836.0, 4837.0, 3225.0
1619.0, 1975.0, 1969.0, 4836.0, 4833.0, 4838.0
1978.0, 1623.0, 1950.0, 4472.0, 4473.0, 4467.0
1623.0, 1979.0, 1622.0, 3205.0, 3623.0, 3643.0
1624.0, 1622.0, 1979.0, 3625.0, 3644.0, 3643.0
1623.0, 1978.0, 1979.0, 4472.0, 3205.0, 4474.0
1982.0, 1973.0, 1624.0, 3645.0, 3646.0, 3640.0
1979.0, 1983.0, 1624.0, 3206.0, 3644.0, 3647.0
1982.0, 1624.0, 1983.0, 3646.0, 3648.0, 3647.0
1973.0, 1984.0, 1974.0, 3649.0, 3642.0, 3226.0
1982.0, 1984.0, 1973.0, 3650.0, 3645.0, 3649.0
1648.0, 2007.0, 1649.0, 4839.0, 3236.0, 4840.0
2007.0, 1648.0, 1845.0, 4839.0, 4841.0, 4804.0
2008.0, 1649.0, 2007.0, 4842.0, 4843.0, 4840.0
1653.0, 1655.0, 2009.0, 4375.0, 3267.0, 4379.0
1649.0, 2009.0, 1655.0, 3237.0, 4378.0, 4379.0
2008.0, 2009.0, 1649.0, 4844.0, 4842.0, 3237.0
2011.0, 1653.0, 2009.0, 5203.0, 5204.0, 3267.0
2012.0, 1652.0, 1653.0, 5205.0, 5206.0, 3266.0
1652.0, 2012.0, 1708.0, 5205.0, 5165.0, 5207.0
2011.0, 2012.0, 1653.0, 5208.0, 5203.0, 5206.0
1708.0, 2012.0, 2058.0, 5207.0, 5209.0, 5210.0
1709.0, 1708.0, 2059.0, 5169.0, 5211.0, 5212.0
1709.0, 2059.0, 1712.0, 5211.0, 5174.0, 5213.0
1708.0, 2058.0, 2059.0, 5209.0, 5212.0, 5214.0
1710.0, 1712.0, 2062.0, 5175.0, 5215.0, 5216.0
2062.0, 1726.0, 1710.0, 5217.0, 5215.0, 5186.0
1712.0, 2059.0, 2063.0, 5213.0, 5218.0, 5219.0
2062.0, 1712.0, 2063.0, 5216.0, 5220.0, 5218.0
2070.0, 1743.0, 1722.0, 5221.0, 5222.0, 5193.0
1724.0, 2070.0, 1722.0, 5223.0, 5182.0, 5222.0
1726.0, 2071.0, 1723.0, 5224.0, 5187.0, 5225.0
1724.0, 1723.0, 2071.0, 5184.0, 5226.0, 5225.0
1724.0, 2071.0, 2070.0, 5226.0, 5223.0, 5227.0
2072.0, 1726.0, 2062.0, 5228.0, 5229.0, 5217.0
2072.0, 2071.0, 1726.0, 5230.0, 5228.0, 5224.0
1757.0, 1741.0, 2089.0, 5199.0, 5231.0, 5232.0
1743.0, 2089.0, 1741.0, 5233.0, 5191.0, 5232.0
2089.0, 1743.0, 2090.0, 5233.0, 5234.0, 5235.0
2070.0, 2090.0, 1743.0, 5236.0, 5221.0, 5235.0
1761.0, 2102.0, 1765.0, 3257.0, 4011.0, 4015.0
1766.0, 1765.0, 2102.0, 4014.0, 3217.0, 4015.0
2105.0, 1760.0, 1754.0, 5237.0, 5238.0, 5202.0
2105.0, 1754.0, 1757.0, 5238.0, 5239.0, 5197.0
1757.0, 2107.0, 2105.0, 5240.0, 5239.0, 5241.0
2107.0, 1757.0, 2089.0, 5240.0, 5242.0, 5231.0
2108.0, 1760.0, 2105.0, 5243.0, 5244.0, 5237.0
1759.0, 2109.0, 1761.0, 5245.0, 3256.0, 5246.0
1759.0, 1760.0, 2109.0, 5201.0, 5245.0, 5247.0
2108.0, 2109.0, 1760.0, 5248.0, 5243.0, 5247.0
2110.0, 2102.0, 1761.0, 5249.0, 5250.0, 3257.0
2110.0, 1761.0, 2109.0, 5250.0, 5251.0, 5246.0
2112.0, 1764.0, 1766.0, 4475.0, 4476.0, 3216.0
1764.0, 2112.0, 1832.0, 4475.0, 4440.0, 4477.0
2113.0, 1766.0, 2102.0, 4478.0, 4479.0, 3217.0
2113.0, 2112.0, 1766.0, 4480.0, 4478.0, 4476.0
1832.0, 2112.0, 2166.0, 4477.0, 4481.0, 4482.0
1831.0, 1832.0, 2167.0, 4441.0, 4483.0, 4484.0
1831.0, 2167.0, 1913.0, 4483.0, 4443.0, 4485.0
1832.0, 2166.0, 2167.0, 4481.0, 4484.0, 4486.0
2175.0, 1845.0, 1843.0, 4845.0, 4846.0, 4805.0
2175.0, 1843.0, 1852.0, 4846.0, 4847.0, 4809.0
1845.0, 2176.0, 2007.0, 4848.0, 4841.0, 4849.0
2176.0, 1845.0, 2175.0, 4848.0, 4850.0, 4845.0
1852.0, 1848.0, 2180.0, 4811.0, 4851.0, 4852.0
1893.0, 2180.0, 1848.0, 4853.0, 4822.0, 4852.0
1852.0, 2181.0, 2175.0, 4854.0, 4847.0, 4855.0
2181.0, 1852.0, 2180.0, 4854.0, 4856.0, 4851.0
1893.0, 1887.0, 2216.0, 4823.0, 4857.0, 4858.0
1890.0, 2216.0, 1887.0, 4859.0, 4818.0, 4858.0
2217.0, 1888.0, 1938.0, 4860.0, 4861.0, 4824.0
1890.0, 1888.0, 2217.0, 4820.0, 4862.0, 4860.0
1890.0, 2217.0, 2216.0, 4862.0, 4859.0, 4863.0
2219.0, 2180.0, 1893.0, 4864.0, 4865.0, 4853.0
2219.0, 1893.0, 2216.0, 4865.0, 4866.0, 4857.0
1913.0, 2167.0, 2233.0, 4485.0, 4487.0, 4488.0
1914.0, 1913.0, 2235.0, 4447.0, 4489.0, 4490.0
2235.0, 1920.0, 1914.0, 4491.0, 4489.0, 4452.0
2235.0, 1913.0, 2233.0, 4490.0, 4492.0, 4487.0
2236.0, 1942.0, 1915.0, 4493.0, 4494.0, 4465.0
1923.0, 2236.0, 1915.0, 4495.0, 4457.0, 4494.0
2239.0, 1920.0, 2235.0, 4496.0, 4497.0, 4491.0
1920.0, 2241.0, 1921.0, 4498.0, 4456.0, 4499.0
1923.0, 1921.0, 2241.0, 4459.0, 4500.0, 4499.0
2239.0, 2241.0, 1920.0, 4501.0, 4496.0, 4498.0
1923.0, 2241.0, 2236.0, 4500.0, 4495.0, 4502.0
2217.0, 1938.0, 2256.0, 4861.0, 4867.0, 4868.0
1968.0, 2257.0, 1940.0, 4869.0, 4830.0, 4870.0
1938.0, 1940.0, 2257.0, 4829.0, 4871.0, 4870.0
2256.0, 1938.0, 2257.0, 4868.0, 4872.0, 4871.0
1951.0, 1941.0, 2258.0, 4471.0, 4503.0, 4504.0
1942.0, 2258.0, 1941.0, 4505.0, 4463.0, 4504.0
2258.0, 1942.0, 2259.0, 4505.0, 4506.0, 4507.0
2236.0, 2259.0, 1942.0, 4508.0, 4493.0, 4507.0
2267.0, 1978.0, 1950.0, 4509.0, 4510.0, 4473.0
2267.0, 1950.0, 1951.0, 4510.0, 4511.0, 4469.0
1951.0, 2268.0, 2267.0, 4512.0, 4511.0, 4513.0
2268.0, 1951.0, 2258.0, 4512.0, 4514.0, 4503.0
2280.0, 2257.0, 1968.0, 4873.0, 4874.0, 4869.0
2281.0, 1969.0, 1975.0, 4875.0, 4876.0, 4838.0
1969.0, 2281.0, 1968.0, 4875.0, 4835.0, 4877.0
1968.0, 2281.0, 2280.0, 4877.0, 4874.0, 4878.0
2284.0, 1978.0, 2267.0, 4515.0, 4516.0, 4509.0
2287.0, 1974.0, 1984.0, 4879.0, 4880.0, 3226.0
1974.0, 2287.0, 1975.0, 4879.0, 4837.0, 4881.0
1975.0, 2287.0, 2288.0, 4881.0, 4882.0, 4883.0
1975.0, 2288.0, 2281.0, 4882.0, 4876.0, 4884.0
1979.0, 2290.0, 1983.0, 4517.0, 3206.0, 4518.0
1979.0, 1978.0, 2290.0, 4474.0, 4517.0, 4519.0
2284.0, 2290.0, 1978.0, 4520.0, 4515.0, 4519.0
2293.0, 2287.0, 1984.0, 4885.0, 4886.0, 4880.0
2294.0, 1983.0, 2290.0, 4521.0, 4522.0, 4518.0
1984.0, 1982.0, 2295.0, 3650.0, 3227.0, 3651.0
1983.0, 2295.0, 1982.0, 3207.0, 3648.0, 3651.0
2294.0, 2295.0, 1983.0, 4523.0, 4521.0, 3207.0
2293.0, 1984.0, 2295.0, 4886.0, 4887.0, 3227.0
2176.0, 2314.0, 2007.0, 4888.0, 4849.0, 4889.0
2008.0, 2007.0, 2315.0, 4843.0, 4890.0, 4891.0
2315.0, 2007.0, 2314.0, 4891.0, 4892.0, 4889.0
2008.0, 2316.0, 2009.0, 4893.0, 4844.0, 3278.0
2008.0, 2315.0, 2316.0, 4890.0, 4893.0, 4894.0
2011.0, 2009.0, 2316.0, 5204.0, 5252.0, 3278.0
2011.0, 2316.0, 2317.0, 5252.0, 5253.0, 5254.0
2011.0, 2317.0, 2012.0, 5253.0, 5208.0, 5255.0
2012.0, 2317.0, 2058.0, 5255.0, 5210.0, 5256.0
2355.0, 2058.0, 2317.0, 5257.0, 5258.0, 5256.0
2059.0, 2058.0, 2358.0, 5214.0, 5259.0, 5260.0
2059.0, 2358.0, 2063.0, 5259.0, 5219.0, 5261.0
2355.0, 2358.0, 2058.0, 5262.0, 5257.0, 5260.0
2359.0, 2063.0, 2358.0, 5263.0, 5264.0, 5261.0
2063.0, 2361.0, 2062.0, 5265.0, 5220.0, 5266.0
2072.0, 2062.0, 2361.0, 5229.0, 5267.0, 5266.0
2359.0, 2361.0, 2063.0, 5268.0, 5263.0, 5265.0
2365.0, 2090.0, 2070.0, 5269.0, 5270.0, 5236.0
2365.0, 2070.0, 2071.0, 5270.0, 5271.0, 5227.0
2366.0, 2071.0, 2072.0, 5272.0, 5273.0, 5230.0
2366.0, 2365.0, 2071.0, 5274.0, 5272.0, 5271.0
2367.0, 2072.0, 2361.0, 5275.0, 5276.0, 5267.0
2366.0, 2072.0, 2367.0, 5273.0, 5277.0, 5275.0
2380.0, 2090.0, 2365.0, 5278.0, 5279.0, 5269.0
2090.0, 2381.0, 2089.0, 5280.0, 5234.0, 5281.0
2089.0, 2381.0, 2107.0, 5281.0, 5242.0, 5282.0
2380.0, 2381.0, 2090.0, 5283.0, 5278.0, 5280.0
2386.0, 2107.0, 2381.0, 5284.0, 5285.0, 5282.0
2113.0, 2102.0, 2393.0, 4479.0, 4524.0, 3268.0
2110.0, 2393.0, 2102.0, 5286.0, 5249.0, 3268.0
2108.0, 2105.0, 2395.0, 5244.0, 5287.0, 5288.0
2395.0, 2105.0, 2107.0, 5288.0, 5289.0, 5241.0
2386.0, 2395.0, 2107.0, 5290.0, 5284.0, 5289.0
2108.0, 2396.0, 2109.0, 5291.0, 5248.0, 5292.0
2108.0, 2395.0, 2396.0, 5287.0, 5291.0, 5293.0
2110.0, 2397.0, 2393.0, 5294.0, 5286.0, 5295.0
2110.0, 2109.0, 2397.0, 5251.0, 5294.0, 5296.0
2397.0, 2109.0, 2396.0, 5296.0, 5297.0, 5292.0
2113.0, 2393.0, 2399.0, 4524.0, 4525.0, 4526.0
2113.0, 2399.0, 2112.0, 4525.0, 4480.0, 4527.0
2112.0, 2399.0, 2166.0, 4527.0, 4482.0, 4528.0
2424.0, 2166.0, 2399.0, 4529.0, 4530.0, 4528.0
2167.0, 2166.0, 2441.0, 4486.0, 4531.0, 4532.0
2167.0, 2441.0, 2233.0, 4531.0, 4488.0, 4533.0
2424.0, 2441.0, 2166.0, 4534.0, 4529.0, 4532.0
2447.0, 2233.0, 2441.0, 4535.0, 4536.0, 4533.0
2176.0, 2175.0, 2450.0, 4850.0, 4895.0, 4896.0
2450.0, 2175.0, 2181.0, 4896.0, 4897.0, 4855.0
2176.0, 2450.0, 2314.0, 4895.0, 4888.0, 4898.0
2456.0, 2450.0, 2181.0, 4899.0, 4900.0, 4897.0
2180.0, 2458.0, 2181.0, 4901.0, 4856.0, 4902.0
2456.0, 2181.0, 2458.0, 4900.0, 4903.0, 4902.0
2219.0, 2458.0, 2180.0, 4904.0, 4864.0, 4901.0
2486.0, 2219.0, 2216.0, 4905.0, 4906.0, 4866.0
2487.0, 2217.0, 2256.0, 4907.0, 4908.0, 4867.0
2217.0, 2487.0, 2216.0, 4907.0, 4863.0, 4909.0
2486.0, 2216.0, 2487.0, 4906.0, 4910.0, 4909.0
2488.0, 2458.0, 2219.0, 4911.0, 4912.0, 4904.0
2488.0, 2219.0, 2486.0, 4912.0, 4913.0, 4905.0
2233.0, 2498.0, 2235.0, 4537.0, 4492.0, 4538.0
2239.0, 2235.0, 2498.0, 4497.0, 4539.0, 4538.0
2447.0, 2498.0, 2233.0, 4540.0, 4535.0, 4537.0
2501.0, 2259.0, 2236.0, 4541.0, 4542.0, 4508.0
2501.0, 2236.0, 2241.0, 4542.0, 4543.0, 4502.0
2502.0, 2239.0, 2498.0, 4544.0, 4545.0, 4539.0
2503.0, 2241.0, 2239.0, 4546.0, 4547.0, 4501.0
2503.0, 2501.0, 2241.0, 4548.0, 4546.0, 4543.0
2503.0, 2239.0, 2502.0, 4547.0, 4549.0, 4544.0
2516.0, 2259.0, 2501.0, 4550.0, 4551.0, 4541.0
2487.0, 2256.0, 2519.0, 4908.0, 4914.0, 4915.0
2520.0, 2257.0, 2280.0, 4916.0, 4917.0, 4873.0
2257.0, 2520.0, 2256.0, 4916.0, 4872.0, 4918.0
2256.0, 2520.0, 2519.0, 4918.0, 4915.0, 4919.0
2259.0, 2521.0, 2258.0, 4552.0, 4506.0, 4553.0
2258.0, 2521.0, 2268.0, 4553.0, 4514.0, 4554.0
2516.0, 2521.0, 2259.0, 4555.0, 4550.0, 4552.0
2528.0, 2268.0, 2521.0, 4556.0, 4557.0, 4554.0
2532.0, 2520.0, 2280.0, 4920.0, 4921.0, 4917.0
2284.0, 2267.0, 2534.0, 4516.0, 4558.0, 4559.0
2534.0, 2267.0, 2268.0, 4559.0, 4560.0, 4513.0
2528.0, 2534.0, 2268.0, 4561.0, 4556.0, 4560.0
2281.0, 2288.0, 2540.0, 4884.0, 4922.0, 4923.0
2281.0, 2540.0, 2280.0, 4922.0, 4878.0, 4924.0
2280.0, 2540.0, 2532.0, 4924.0, 4921.0, 4925.0
2284.0, 2541.0, 2290.0, 4562.0, 4520.0, 4563.0
2284.0, 2534.0, 2541.0, 4558.0, 4562.0, 4564.0
2543.0, 2540.0, 2288.0, 4926.0, 4927.0, 4923.0
2293.0, 2544.0, 2287.0, 4928.0, 4885.0, 4929.0
2287.0, 2544.0, 2288.0, 4929.0, 4883.0, 4930.0
2543.0, 2288.0, 2544.0, 4927.0, 4931.0, 4930.0
2294.0, 2290.0, 2546.0, 4522.0, 4565.0, 4566.0
2546.0, 2290.0, 2541.0, 4566.0, 4567.0, 4563.0
2294.0, 2547.0, 2295.0, 4568.0, 4523.0, 3238.0
2294.0, 2546.0, 2547.0, 4565.0, 4568.0, 4569.0
2293.0, 2295.0, 2547.0, 4887.0, 4932.0, 3238.0
2293.0, 2547.0, 2544.0, 4932.0, 4928.0, 4933.0
2558.0, 2314.0, 2450.0, 4934.0, 4935.0, 4898.0
2560.0, 2315.0, 2314.0, 4936.0, 4937.0, 4892.0
2560.0, 2314.0, 2558.0, 4937.0, 4938.0, 4934.0
2315.0, 2561.0, 2316.0, 4939.0, 4894.0, 3279.0
2561.0, 2315.0, 2560.0, 4939.0, 4940.0, 4936.0
2561.0, 2317.0, 2316.0, 5298.0, 3279.0, 5254.0
2561.0, 2563.0, 2317.0, 5299.0, 5298.0, 5300.0
2355.0, 2317.0, 2563.0, 5258.0, 5301.0, 5300.0
2355.0, 2563.0, 2591.0, 5301.0, 5302.0, 5303.0
2355.0, 2591.0, 2358.0, 5302.0, 5262.0, 5304.0
2591.0, 2595.0, 2358.0, 5305.0, 5304.0, 5306.0
2359.0, 2358.0, 2595.0, 5264.0, 5307.0, 5306.0
2359.0, 2595.0, 2596.0, 5307.0, 5308.0, 5309.0
2359.0, 2596.0, 2361.0, 5308.0, 5268.0, 5310.0
2596.0, 2600.0, 2361.0, 5311.0, 5310.0, 5312.0
2367.0, 2361.0, 2600.0, 5276.0, 5313.0, 5312.0
2380.0, 2365.0, 2603.0, 5279.0, 5314.0, 5315.0
2366.0, 2367.0, 2603.0, 5277.0, 5316.0, 5317.0
2367.0, 2600.0, 2603.0, 5313.0, 5317.0, 5318.0
2366.0, 2603.0, 2365.0, 5316.0, 5274.0, 5315.0
2380.0, 2612.0, 2381.0, 5319.0, 5283.0, 5320.0
2380.0, 2603.0, 2612.0, 5314.0, 5319.0, 5321.0
2386.0, 2381.0, 2613.0, 5285.0, 5322.0, 5323.0
2613.0, 2381.0, 2612.0, 5323.0, 5324.0, 5320.0
2386.0, 2617.0, 2395.0, 5325.0, 5290.0, 5326.0
2386.0, 2613.0, 2617.0, 5322.0, 5325.0, 5327.0
2622.0, 2399.0, 2393.0, 4570.0, 3269.0, 4526.0
2397.0, 2622.0, 2393.0, 5328.0, 5295.0, 3269.0
2623.0, 2396.0, 2395.0, 5329.0, 5330.0, 5293.0
2617.0, 2623.0, 2395.0, 5331.0, 5326.0, 5330.0
2622.0, 2397.0, 2624.0, 5328.0, 5332.0, 5333.0
2624.0, 2397.0, 2396.0, 5333.0, 5334.0, 5297.0
2396.0, 2623.0, 2624.0, 5329.0, 5334.0, 5335.0
2622.0, 2629.0, 2399.0, 4571.0, 4570.0, 4572.0
2424.0, 2399.0, 2629.0, 4530.0, 4573.0, 4572.0
2424.0, 2629.0, 2649.0, 4573.0, 4574.0, 4575.0
2424.0, 2649.0, 2441.0, 4574.0, 4534.0, 4576.0
2649.0, 2659.0, 2441.0, 4577.0, 4576.0, 4578.0
2447.0, 2441.0, 2659.0, 4536.0, 4579.0, 4578.0
2447.0, 2659.0, 2662.0, 4579.0, 4580.0, 4581.0
2447.0, 2662.0, 2498.0, 4580.0, 4540.0, 4582.0
2558.0, 2450.0, 2666.0, 4935.0, 4941.0, 4942.0
2456.0, 2666.0, 2450.0, 4943.0, 4899.0, 4942.0
2456.0, 2671.0, 2666.0, 4944.0, 4943.0, 4945.0
2456.0, 2458.0, 2671.0, 4903.0, 4944.0, 4946.0
2672.0, 2671.0, 2458.0, 4947.0, 4948.0, 4946.0
2488.0, 2672.0, 2458.0, 4949.0, 4911.0, 4948.0
2519.0, 2694.0, 2487.0, 4950.0, 4914.0, 4951.0
2488.0, 2486.0, 2694.0, 4913.0, 4952.0, 4953.0
2486.0, 2487.0, 2694.0, 4910.0, 4953.0, 4951.0
2488.0, 2694.0, 2672.0, 4952.0, 4949.0, 4954.0
2662.0, 2703.0, 2498.0, 4583.0, 4582.0, 4584.0
2502.0, 2498.0, 2703.0, 4545.0, 4585.0, 4584.0
2516.0, 2501.0, 2704.0, 4551.0, 4586.0, 4587.0
2503.0, 2502.0, 2704.0, 4549.0, 4588.0, 4589.0
2502.0, 2703.0, 2704.0, 4585.0, 4589.0, 4590.0
2503.0, 2704.0, 2501.0, 4588.0, 4548.0, 4587.0
2516.0, 2717.0, 2521.0, 4591.0, 4555.0, 4592.0
2516.0, 2704.0, 2717.0, 4586.0, 4591.0, 4593.0
2718.0, 2694.0, 2519.0, 4955.0, 4956.0, 4950.0
2532.0, 2721.0, 2520.0, 4957.0, 4920.0, 4958.0
2520.0, 2721.0, 2519.0, 4958.0, 4919.0, 4959.0
2718.0, 2519.0, 2721.0, 4956.0, 4960.0, 4959.0
2528.0, 2521.0, 2722.0, 4557.0, 4594.0, 4595.0
2722.0, 2521.0, 2717.0, 4595.0, 4596.0, 4592.0
2528.0, 2728.0, 2534.0, 4597.0, 4561.0, 4598.0
2528.0, 2722.0, 2728.0, 4594.0, 4597.0, 4599.0
2532.0, 2540.0, 2732.0, 4925.0, 4961.0, 4962.0
2532.0, 2732.0, 2721.0, 4961.0, 4957.0, 4963.0
2733.0, 2541.0, 2534.0, 4600.0, 4601.0, 4564.0
2728.0, 2733.0, 2534.0, 4602.0, 4598.0, 4601.0
2543.0, 2735.0, 2540.0, 4964.0, 4926.0, 4965.0
2735.0, 2732.0, 2540.0, 4966.0, 4965.0, 4962.0
2737.0, 2546.0, 2541.0, 4603.0, 4604.0, 4567.0
2541.0, 2733.0, 2737.0, 4600.0, 4604.0, 4605.0
2543.0, 2544.0, 2738.0, 4931.0, 4967.0, 4968.0
2543.0, 2738.0, 2735.0, 4967.0, 4964.0, 4969.0
2546.0, 2739.0, 2547.0, 4606.0, 4569.0, 3239.0
2739.0, 2546.0, 2737.0, 4606.0, 4607.0, 4603.0
2739.0, 2544.0, 2547.0, 4970.0, 3239.0, 4933.0
2739.0, 2738.0, 2544.0, 4971.0, 4970.0, 4968.0
2666.0, 2744.0, 2558.0, 4972.0, 4941.0, 4973.0
2746.0, 2560.0, 2558.0, 4974.0, 4975.0, 4938.0
2746.0, 2558.0, 2744.0, 4975.0, 4976.0, 4973.0
2560.0, 2747.0, 2561.0, 4977.0, 4940.0, 3280.0
2560.0, 2746.0, 2747.0, 4974.0, 4977.0, 4978.0
2747.0, 2563.0, 2561.0, 5336.0, 3280.0, 5299.0
2563.0, 2747.0, 2749.0, 5336.0, 5337.0, 5338.0
2749.0, 2591.0, 2563.0, 5339.0, 5337.0, 5303.0
2749.0, 2774.0, 2591.0, 5340.0, 5339.0, 5341.0
2595.0, 2591.0, 2774.0, 5305.0, 5342.0, 5341.0
2595.0, 2774.0, 2778.0, 5342.0, 5343.0, 5344.0
2778.0, 2596.0, 2595.0, 5345.0, 5343.0, 5309.0
2778.0, 2779.0, 2596.0, 5346.0, 5345.0, 5347.0
2596.0, 2779.0, 2600.0, 5347.0, 5311.0, 5348.0
2600.0, 2779.0, 2785.0, 5348.0, 5349.0, 5350.0
2600.0, 2785.0, 2603.0, 5349.0, 5318.0, 5351.0
2787.0, 2612.0, 2603.0, 5352.0, 5353.0, 5321.0
2787.0, 2603.0, 2785.0, 5353.0, 5354.0, 5351.0
2793.0, 2613.0, 2612.0, 5355.0, 5356.0, 5324.0
2787.0, 2793.0, 2612.0, 5357.0, 5352.0, 5356.0
2613.0, 2796.0, 2617.0, 5358.0, 5327.0, 5359.0
2613.0, 2793.0, 2796.0, 5355.0, 5358.0, 5360.0
2617.0, 2800.0, 2623.0, 5361.0, 5331.0, 5362.0
2800.0, 2617.0, 2796.0, 5361.0, 5363.0, 5359.0
2803.0, 2629.0, 2622.0, 4608.0, 3270.0, 4571.0
2624.0, 2803.0, 2622.0, 5364.0, 5332.0, 3270.0
2624.0, 2804.0, 2803.0, 5365.0, 5364.0, 5366.0
2804.0, 2624.0, 2623.0, 5365.0, 5367.0, 5335.0
2804.0, 2623.0, 2800.0, 5367.0, 5368.0, 5362.0
2629.0, 2803.0, 2807.0, 4608.0, 4609.0, 4610.0
2807.0, 2649.0, 2629.0, 4611.0, 4609.0, 4575.0
2807.0, 2821.0, 2649.0, 4612.0, 4611.0, 4613.0
2659.0, 2649.0, 2821.0, 4577.0, 4614.0, 4613.0
2659.0, 2821.0, 2830.0, 4614.0, 4615.0, 4616.0
2830.0, 2662.0, 2659.0, 4617.0, 4615.0, 4581.0
2830.0, 2833.0, 2662.0, 4618.0, 4617.0, 4619.0
2662.0, 2833.0, 2703.0, 4619.0, 4583.0, 4620.0
2744.0, 2666.0, 2837.0, 4972.0, 4979.0, 4980.0
2671.0, 2837.0, 2666.0, 4981.0, 4945.0, 4980.0
2837.0, 2671.0, 2842.0, 4981.0, 4982.0, 4983.0
2672.0, 2842.0, 2671.0, 4984.0, 4947.0, 4983.0
2843.0, 2842.0, 2672.0, 4985.0, 4986.0, 4984.0
2843.0, 2672.0, 2694.0, 4986.0, 4987.0, 4954.0
2718.0, 2859.0, 2694.0, 4988.0, 4955.0, 4989.0
2843.0, 2694.0, 2859.0, 4987.0, 4990.0, 4989.0
2703.0, 2833.0, 2869.0, 4620.0, 4621.0, 4622.0
2703.0, 2869.0, 2704.0, 4621.0, 4590.0, 4623.0
2870.0, 2717.0, 2704.0, 4624.0, 4625.0, 4593.0
2870.0, 2704.0, 2869.0, 4625.0, 4626.0, 4623.0
2880.0, 2722.0, 2717.0, 4627.0, 4628.0, 4596.0
2870.0, 2880.0, 2717.0, 4629.0, 4624.0, 4628.0
2718.0, 2721.0, 2881.0, 4960.0, 4991.0, 4992.0
2718.0, 2881.0, 2859.0, 4991.0, 4988.0, 4993.0
2732.0, 2885.0, 2721.0, 4994.0, 4963.0, 4995.0
2881.0, 2721.0, 2885.0, 4992.0, 4996.0, 4995.0
2722.0, 2886.0, 2728.0, 4630.0, 4599.0, 4631.0
2722.0, 2880.0, 2886.0, 4627.0, 4630.0, 4632.0
2728.0, 2891.0, 2733.0, 4633.0, 4602.0, 4634.0
2891.0, 2728.0, 2886.0, 4633.0, 4635.0, 4631.0
2893.0, 2732.0, 2735.0, 4997.0, 4998.0, 4966.0
2732.0, 2893.0, 2885.0, 4997.0, 4994.0, 4999.0
2894.0, 2737.0, 2733.0, 4636.0, 4637.0, 4605.0
2894.0, 2733.0, 2891.0, 4637.0, 4638.0, 4634.0
2895.0, 2735.0, 2738.0, 5000.0, 5001.0, 4969.0
2735.0, 2895.0, 2893.0, 5000.0, 4998.0, 5002.0
2737.0, 2896.0, 2739.0, 4639.0, 4607.0, 3240.0
2737.0, 2894.0, 2896.0, 4636.0, 4639.0, 4640.0
2896.0, 2738.0, 2739.0, 5003.0, 3240.0, 4971.0
2738.0, 2896.0, 2895.0, 5003.0, 5001.0, 5004.0
2837.0, 2899.0, 2744.0, 5005.0, 4979.0, 5006.0
2744.0, 2900.0, 2746.0, 5007.0, 4976.0, 5008.0
2744.0, 2899.0, 2900.0, 5006.0, 5007.0, 5009.0
2747.0, 2746.0, 2901.0, 4978.0, 3281.0, 5010.0
2746.0, 2900.0, 2901.0, 5008.0, 5010.0, 5011.0
2749.0, 2747.0, 2901.0, 5338.0, 5369.0, 3281.0
2749.0, 2901.0, 2903.0, 5369.0, 5370.0, 5371.0
2903.0, 2774.0, 2749.0, 5372.0, 5370.0, 5340.0
2774.0, 2903.0, 2919.0, 5372.0, 5373.0, 5374.0
2919.0, 2778.0, 2774.0, 5375.0, 5373.0, 5344.0
2778.0, 2919.0, 2922.0, 5375.0, 5376.0, 5377.0
2779.0, 2778.0, 2922.0, 5346.0, 5378.0, 5376.0
2923.0, 2779.0, 2922.0, 5379.0, 5380.0, 5378.0
2779.0, 2923.0, 2785.0, 5379.0, 5350.0, 5381.0
2787.0, 2930.0, 2793.0, 5382.0, 5357.0, 5383.0
2923.0, 2930.0, 2785.0, 5384.0, 5381.0, 5385.0
2787.0, 2785.0, 2930.0, 5354.0, 5382.0, 5385.0
2796.0, 2793.0, 2935.0, 5360.0, 5386.0, 5387.0
2793.0, 2930.0, 2935.0, 5383.0, 5387.0, 5388.0
2937.0, 2800.0, 2796.0, 5389.0, 5390.0, 5363.0
2796.0, 2935.0, 2937.0, 5386.0, 5390.0, 5391.0
2800.0, 2940.0, 2804.0, 5392.0, 5368.0, 5393.0
2940.0, 2800.0, 2937.0, 5392.0, 5394.0, 5389.0
2807.0, 2803.0, 2941.0, 4610.0, 4641.0, 3271.0
2804.0, 2941.0, 2803.0, 5395.0, 5366.0, 3271.0
2804.0, 2940.0, 2941.0, 5393.0, 5395.0, 5396.0
2807.0, 2941.0, 2943.0, 4641.0, 4642.0, 4643.0
2943.0, 2821.0, 2807.0, 4644.0, 4642.0, 4612.0
2821.0, 2943.0, 2952.0, 4644.0, 4645.0, 4646.0
2952.0, 2830.0, 2821.0, 4647.0, 4645.0, 4616.0
2830.0, 2952.0, 2958.0, 4647.0, 4648.0, 4649.0
2833.0, 2830.0, 2958.0, 4618.0, 4650.0, 4648.0
2959.0, 2833.0, 2958.0, 4651.0, 4652.0, 4650.0
2833.0, 2959.0, 2869.0, 4651.0, 4622.0, 4653.0
2899.0, 2837.0, 2962.0, 5005.0, 5012.0, 5013.0
2842.0, 2962.0, 2837.0, 5014.0, 4982.0, 5013.0
2842.0, 2966.0, 2962.0, 5015.0, 5014.0, 5016.0
2843.0, 2966.0, 2842.0, 5017.0, 4985.0, 5015.0
2843.0, 2859.0, 2966.0, 4990.0, 5017.0, 5018.0
2881.0, 2975.0, 2859.0, 5019.0, 4993.0, 5020.0
2975.0, 2966.0, 2859.0, 5021.0, 5020.0, 5018.0
2870.0, 2982.0, 2880.0, 4654.0, 4629.0, 4655.0
2959.0, 2982.0, 2869.0, 4656.0, 4653.0, 4657.0
2870.0, 2869.0, 2982.0, 4626.0, 4654.0, 4657.0
2886.0, 2880.0, 2991.0, 4632.0, 4658.0, 4659.0
2880.0, 2982.0, 2991.0, 4655.0, 4659.0, 4660.0
2881.0, 2885.0, 2993.0, 4996.0, 5022.0, 5023.0
2975.0, 2881.0, 2993.0, 5019.0, 5024.0, 5022.0
2995.0, 2885.0, 2893.0, 5025.0, 5026.0, 4999.0
2993.0, 2885.0, 2995.0, 5023.0, 5027.0, 5025.0
2997.0, 2891.0, 2886.0, 4661.0, 4662.0, 4635.0
2886.0, 2991.0, 2997.0, 4658.0, 4662.0, 4663.0
2891.0, 3001.0, 2894.0, 4664.0, 4638.0, 4665.0
3001.0, 2891.0, 2997.0, 4664.0, 4666.0, 4661.0
3002.0, 2893.0, 2895.0, 5028.0, 5029.0, 5002.0
2893.0, 3002.0, 2995.0, 5028.0, 5026.0, 5030.0
2894.0, 3003.0, 2896.0, 4667.0, 4640.0, 3241.0
2894.0, 3001.0, 3003.0, 4665.0, 4667.0, 4668.0
2895.0, 2896.0, 3003.0, 5004.0, 5031.0, 3241.0
2895.0, 3003.0, 3002.0, 5031.0, 5029.0, 5032.0
2899.0, 2962.0, 3007.0, 5012.0, 5033.0, 5034.0
2900.0, 2899.0, 3009.0, 5009.0, 5035.0, 5036.0
3007.0, 3009.0, 2899.0, 5037.0, 5033.0, 5036.0
2901.0, 2900.0, 3010.0, 5011.0, 3282.0, 5038.0
2900.0, 3009.0, 3010.0, 5035.0, 5038.0, 5039.0
2901.0, 3010.0, 2903.0, 3282.0, 5371.0, 5397.0
2903.0, 3010.0, 3011.0, 5397.0, 5398.0, 5399.0
2919.0, 2903.0, 3011.0, 5374.0, 5400.0, 5398.0
2919.0, 3011.0, 3023.0, 5400.0, 5401.0, 5402.0
2922.0, 2919.0, 3023.0, 5377.0, 5403.0, 5401.0
3023.0, 3025.0, 2922.0, 5404.0, 5403.0, 5405.0
2923.0, 2922.0, 3025.0, 5380.0, 5406.0, 5405.0
3026.0, 2923.0, 3025.0, 5407.0, 5408.0, 5406.0
3026.0, 2930.0, 2923.0, 5409.0, 5407.0, 5384.0
3031.0, 2935.0, 2930.0, 5410.0, 5411.0, 5388.0
3026.0, 3031.0, 2930.0, 5412.0, 5409.0, 5411.0
2937.0, 2935.0, 3034.0, 5391.0, 5413.0, 5414.0
3031.0, 3034.0, 2935.0, 5415.0, 5410.0, 5414.0
2937.0, 3036.0, 2940.0, 5416.0, 5394.0, 5417.0
3034.0, 3036.0, 2937.0, 5418.0, 5413.0, 5416.0
2941.0, 3037.0, 2943.0, 3272.0, 4643.0, 4669.0
2940.0, 3037.0, 2941.0, 5419.0, 5396.0, 3272.0
2940.0, 3036.0, 3037.0, 5417.0, 5419.0, 5420.0
2943.0, 3037.0, 3038.0, 4669.0, 4670.0, 4671.0
2952.0, 2943.0, 3038.0, 4646.0, 4672.0, 4670.0
2952.0, 3038.0, 3044.0, 4672.0, 4673.0, 4674.0
2958.0, 2952.0, 3044.0, 4649.0, 4675.0, 4673.0
3044.0, 3048.0, 2958.0, 4676.0, 4675.0, 4677.0
2959.0, 2958.0, 3048.0, 4652.0, 4678.0, 4677.0
3049.0, 2959.0, 3048.0, 4679.0, 4680.0, 4678.0
3049.0, 2982.0, 2959.0, 4681.0, 4679.0, 4656.0
3051.0, 3007.0, 2962.0, 5040.0, 5041.0, 5034.0
3051.0, 2962.0, 2966.0, 5041.0, 5042.0, 5016.0
3052.0, 2966.0, 2975.0, 5043.0, 5044.0, 5021.0
3052.0, 3051.0, 2966.0, 5045.0, 5043.0, 5042.0
2975.0, 2993.0, 3055.0, 5024.0, 5046.0, 5047.0
3052.0, 2975.0, 3055.0, 5044.0, 5048.0, 5046.0
3061.0, 2991.0, 2982.0, 4682.0, 4683.0, 4660.0
3049.0, 3061.0, 2982.0, 4684.0, 4681.0, 4683.0
2997.0, 2991.0, 3065.0, 4663.0, 4685.0, 4686.0
3061.0, 3065.0, 2991.0, 4687.0, 4682.0, 4686.0
3067.0, 2993.0, 2995.0, 5049.0, 5050.0, 5027.0
2993.0, 3067.0, 3055.0, 5049.0, 5047.0, 5051.0
2995.0, 3002.0, 3068.0, 5030.0, 5052.0, 5053.0
2995.0, 3068.0, 3067.0, 5052.0, 5050.0, 5054.0
2997.0, 3070.0, 3001.0, 4688.0, 4666.0, 4689.0
3065.0, 3070.0, 2997.0, 4690.0, 4685.0, 4688.0
3001.0, 3071.0, 3003.0, 4691.0, 4668.0, 3242.0
3001.0, 3070.0, 3071.0, 4689.0, 4691.0, 4692.0
3002.0, 3003.0, 3071.0, 5032.0, 5055.0, 3242.0
3002.0, 3071.0, 3068.0, 5055.0, 5053.0, 5056.0
3007.0, 3051.0, 3074.0, 5040.0, 5057.0, 5058.0
3007.0, 3076.0, 3009.0, 5059.0, 5037.0, 5060.0
3074.0, 3076.0, 3007.0, 5061.0, 5057.0, 5059.0
3010.0, 3009.0, 3077.0, 5039.0, 3283.0, 5062.0
3076.0, 3077.0, 3009.0, 5063.0, 5060.0, 5062.0
3010.0, 3077.0, 3011.0, 3283.0, 5399.0, 5421.0
3011.0, 3077.0, 3078.0, 5421.0, 5422.0, 5423.0
3023.0, 3011.0, 3078.0, 5402.0, 5424.0, 5422.0
3078.0, 3088.0, 3023.0, 5425.0, 5424.0, 5426.0
3025.0, 3023.0, 3088.0, 5404.0, 5427.0, 5426.0
3025.0, 3088.0, 3091.0, 5427.0, 5428.0, 5429.0
3026.0, 3025.0, 3091.0, 5408.0, 5430.0, 5428.0
3026.0, 3091.0, 3031.0, 5430.0, 5412.0, 5431.0
3034.0, 3031.0, 3095.0, 5415.0, 5432.0, 5433.0
3095.0, 3031.0, 3091.0, 5433.0, 5434.0, 5431.0
3036.0, 3034.0, 3098.0, 5418.0, 5435.0, 5436.0
3098.0, 3034.0, 3095.0, 5436.0, 5437.0, 5432.0
3044.0, 3038.0, 3099.0, 4674.0, 4693.0, 4694.0
3037.0, 3100.0, 3038.0, 3273.0, 4671.0, 4695.0
3038.0, 3100.0, 3099.0, 4695.0, 4694.0, 4696.0
3036.0, 3100.0, 3037.0, 5438.0, 5420.0, 3273.0
3098.0, 3100.0, 3036.0, 5439.0, 5435.0, 5438.0
3099.0, 3103.0, 3044.0, 4697.0, 4693.0, 4698.0
3048.0, 3044.0, 3103.0, 4676.0, 4699.0, 4698.0
3048.0, 3103.0, 3106.0, 4699.0, 4700.0, 4701.0
3049.0, 3048.0, 3106.0, 4680.0, 4702.0, 4700.0
3049.0, 3106.0, 3061.0, 4702.0, 4684.0, 4703.0
3074.0, 3051.0, 3108.0, 5058.0, 5064.0, 5065.0
3052.0, 3055.0, 3108.0, 5048.0, 5066.0, 5067.0
3052.0, 3108.0, 3051.0, 5066.0, 5045.0, 5065.0
3055.0, 3067.0, 3111.0, 5051.0, 5068.0, 5069.0
3111.0, 3108.0, 3055.0, 5070.0, 5068.0, 5067.0
3065.0, 3061.0, 3115.0, 4687.0, 4704.0, 4705.0
3115.0, 3061.0, 3106.0, 4705.0, 4706.0, 4703.0
3070.0, 3065.0, 3117.0, 4690.0, 4707.0, 4708.0
3117.0, 3065.0, 3115.0, 4708.0, 4709.0, 4704.0
3067.0, 3068.0, 3119.0, 5054.0, 5071.0, 5072.0
3119.0, 3111.0, 3067.0, 5073.0, 5071.0, 5069.0
3070.0, 3120.0, 3071.0, 4710.0, 4692.0, 3243.0
3117.0, 3120.0, 3070.0, 4711.0, 4707.0, 4710.0
3068.0, 3071.0, 3120.0, 5056.0, 5074.0, 3243.0
3068.0, 3120.0, 3119.0, 5074.0, 5072.0, 5075.0
3123.0, 3074.0, 3108.0, 5076.0, 5077.0, 5064.0
3088.0, 3078.0, 3124.0, 5425.0, 5440.0, 5441.0
3074.0, 3125.0, 3076.0, 5078.0, 5061.0, 5079.0
3123.0, 3125.0, 3074.0, 5080.0, 5076.0, 5078.0
3076.0, 3126.0, 3077.0, 5081.0, 5063.0, 3284.0
3126.0, 3076.0, 3125.0, 5081.0, 5082.0, 5079.0
3077.0, 3126.0, 3078.0, 3284.0, 5423.0, 5442.0
3126.0, 3124.0, 3078.0, 5443.0, 5442.0, 5441.0
3124.0, 3132.0, 3088.0, 5444.0, 5440.0, 5445.0
3088.0, 3132.0, 3091.0, 5445.0, 5429.0, 5446.0
3134.0, 3095.0, 3091.0, 5447.0, 5448.0, 5434.0
3134.0, 3091.0, 3132.0, 5448.0, 5449.0, 5446.0
3103.0, 3099.0, 3135.0, 4697.0, 4712.0, 4713.0
3095.0, 3137.0, 3098.0, 5450.0, 5437.0, 5451.0
3134.0, 3137.0, 3095.0, 5452.0, 5447.0, 5450.0
3100.0, 3138.0, 3099.0, 3274.0, 4696.0, 4714.0
3138.0, 3135.0, 3099.0, 4715.0, 4714.0, 4713.0
3098.0, 3138.0, 3100.0, 5453.0, 5439.0, 3274.0
3137.0, 3138.0, 3098.0, 5454.0, 5451.0, 5453.0
3135.0, 3139.0, 3103.0, 4716.0, 4712.0, 4717.0
3103.0, 3139.0, 3106.0, 4717.0, 4701.0, 4718.0
3140.0, 3115.0, 3106.0, 4719.0, 4720.0, 4706.0
3140.0, 3106.0, 3139.0, 4720.0, 4721.0, 4718.0
3111.0, 3142.0, 3108.0, 5083.0, 5070.0, 5084.0
3123.0, 3108.0, 3142.0, 5077.0, 5085.0, 5084.0
3111.0, 3119.0, 3145.0, 5073.0, 5086.0, 5087.0
3142.0, 3111.0, 3145.0, 5083.0, 5088.0, 5086.0
3115.0, 3147.0, 3117.0, 4722.0, 4709.0, 4723.0
3140.0, 3147.0, 3115.0, 4724.0, 4719.0, 4722.0
3117.0, 3148.0, 3120.0, 4725.0, 4711.0, 3244.0
3147.0, 3148.0, 3117.0, 4726.0, 4723.0, 4725.0
3119.0, 3120.0, 3148.0, 5075.0, 5089.0, 3244.0
3148.0, 3145.0, 3119.0, 5090.0, 5089.0, 5087.0
3124.0, 3150.0, 3132.0, 5455.0, 5444.0, 5456.0
3123.0, 3151.0, 3125.0, 5091.0, 5080.0, 5092.0
3123.0, 3142.0, 3151.0, 5085.0, 5091.0, 5093.0
3125.0, 3153.0, 3126.0, 5094.0, 5082.0, 3285.0
3153.0, 3125.0, 3151.0, 5094.0, 5095.0, 5092.0
3124.0, 3126.0, 3153.0, 5443.0, 5457.0, 3285.0
3153.0, 3150.0, 3124.0, 5458.0, 5457.0, 5455.0
3134.0, 3155.0, 3137.0, 5459.0, 5452.0, 5460.0
3150.0, 3155.0, 3132.0, 5461.0, 5456.0, 5462.0
3134.0, 3132.0, 3155.0, 5449.0, 5459.0, 5462.0
3135.0, 3156.0, 3139.0, 4727.0, 4716.0, 4728.0
3135.0, 3138.0, 3157.0, 4715.0, 4729.0, 3275.0
3157.0, 3156.0, 3135.0, 4730.0, 4729.0, 4727.0
3137.0, 3157.0, 3138.0, 5463.0, 5454.0, 3275.0
3157.0, 3137.0, 3155.0, 5463.0, 5464.0, 5460.0
3140.0, 3158.0, 3147.0, 4731.0, 4724.0, 4732.0
3156.0, 3158.0, 3139.0, 4733.0, 4728.0, 4734.0
3140.0, 3139.0, 3158.0, 4721.0, 4731.0, 4734.0
3145.0, 3159.0, 3142.0, 5096.0, 5088.0, 5097.0
3159.0, 3151.0, 3142.0, 5098.0, 5097.0, 5093.0
3147.0, 3160.0, 3148.0, 4735.0, 4726.0, 3245.0
3160.0, 3147.0, 3158.0, 4735.0, 4736.0, 4732.0
3145.0, 3148.0, 3160.0, 5090.0, 5099.0, 3245.0
3160.0, 3159.0, 3145.0, 5100.0, 5099.0, 5096.0
3161.0, 3151.0, 3159.0, 5101.0, 5102.0, 5098.0
3162.0, 3155.0, 3150.0, 5465.0, 5466.0, 5461.0
3163.0, 3158.0, 3156.0, 4737.0, 4738.0, 4733.0
3153.0, 3151.0, 3164.0, 5095.0, 3286.0, 5103.0
3161.0, 3164.0, 3151.0, 5104.0, 5101.0, 5103.0
3150.0, 3153.0, 3164.0, 5458.0, 5467.0, 3286.0
3162.0, 3150.0, 3164.0, 5466.0, 5468.0, 5467.0
3156.0, 3157.0, 3165.0, 4730.0, 4739.0, 3276.0
3163.0, 3156.0, 3165.0, 4738.0, 4740.0, 4739.0
3165.0, 3157.0, 3155.0, 3276.0, 5469.0, 5464.0
3162.0, 3165.0, 3155.0, 5470.0, 5465.0, 5469.0
3166.0, 3160.0, 3158.0, 3246.0, 4741.0, 4736.0
3163.0, 3166.0, 3158.0, 4742.0, 4737.0, 4741.0
3159.0, 3160.0, 3166.0, 5100.0, 5105.0, 3246.0
3161.0, 3159.0, 3166.0, 5102.0, 5106.0, 5105.0
3163.0, 3165.0, 3167.0, 4740.0, 4743.0, 3277.0
3163.0, 3167.0, 3166.0, 4743.0, 4742.0, 3247.0
3161.0, 3167.0, 3164.0, 5107.0, 5104.0, 3287.0
3161.0, 3166.0, 3167.0, 5106.0, 5107.0, 3247.0
3162.0, 3164.0, 3167.0, 5468.0, 5471.0, 3287.0
3162.0, 3167.0, 3165.0, 5471.0, 5470.0, 3277.0
