3 1 2 3289 3169 3290
3 4 1 3291 3179 3289
7 1 4 4017 3179 4018
7 8 1 4019 3189 4017
9 2 5 3292 3170 3293
3 2 9 3290 3292 3294
10 1 8 3653 3189 3654
10 2 1 3655 3169 3653
2 12 5 3656 3657 3170
10 12 2 3658 3656 3655
3 13 4 3295 3296 3291
3 9 13 3294 3297 3295
4 13 14 3296 3298 3180
16 15 5 3659 3171 3660
5 12 16 3657 3661 3660
9 20 13 3299 3300 3297
21 5 15 3301 3171 3302
5 21 9 3301 3303 3293
21 20 9 3304 3299 3303
23 13 20 3305 3300 3306
10 8 27 3654 3663 3662
10 27 12 3662 3664 3658
27 8 28 3663 3190 3665
30 14 17 4020 3181 4021
17 24 30 4022 4023 4021
31 4 14 4024 3180 4025
14 30 31 4020 4026 4025
7 4 31 4018 4024 4027
8 32 28 4028 4029 3190
7 32 8 4030 4028 4019
7 31 32 4027 4031 4030
41 26 28 4032 3191 4033
28 32 41 4029 4034 4033
41 43 26 4035 4036 4032
43 44 26 4037 3192 4036
45 28 26 3666 3191 3667
28 45 27 3666 3668 3665
26 44 46 3192 3670 3669
26 46 45 3669 3671 3667
45 47 27 3672 3673 3668
27 47 12 3673 3674 3664
48 16 12 3675 3661 3676
48 12 47 3676 3674 3677
49 30 24 4038 4023 4039
50 17 14 3307 3181 3308
14 13 50 3298 3309 3308
23 50 13 3310 3309 3305
17 52 24 3182 4040 4022
15 25 55 3172 3312 3311
15 55 21 3311 3313 3302
58 25 15 3678 3172 3679
16 58 15 3680 3679 3659
59 58 16 3681 3680 3682
48 59 16 3683 3682 3675
55 25 60 3312 3315 3314
25 62 60 3173 3316 3315
63 52 17 3317 3182 3318
50 63 17 3319 3318 3307
23 20 66 3306 3321 3320
48 69 59 3684 3685 3683
48 47 69 3677 3686 3684
72 21 55 3322 3313 3323
21 72 20 3322 3324 3304
72 66 20 3325 3321 3324
52 53 74 3183 4042 4041
24 52 74 4040 4041 4043
76 63 50 3326 3319 3327
23 76 50 3328 3327 3310
23 66 76 3320 3329 3328
78 24 74 4044 4043 4045
24 78 49 4044 4046 4039
79 49 78 4047 4046 4048
25 83 62 3687 3688 3173
58 83 25 3689 3687 3678
77 85 80 4049 4050 3194
30 90 31 4051 4052 4026
30 49 90 4038 4053 4051
31 90 32 4052 4054 4031
92 41 32 4055 4034 4056
92 32 90 4056 4054 4057
44 100 77 4058 4059 3193
43 100 44 4060 4058 4037
77 100 85 4059 4061 4049
101 85 100 4062 4061 4063
100 43 102 4060 4065 4064
102 101 100 4066 4063 4064
104 43 41 4067 4035 4068
92 104 41 4069 4068 4055
43 104 102 4067 4070 4065
102 105 101 4071 4072 4066
49 106 90 4073 4074 4053
92 106 104 4075 4076 4069
79 106 49 4077 4073 4047
92 90 106 4057 4074 4075
107 106 79 4078 4077 4079
102 104 112 4070 4081 4080
106 112 104 4082 4081 4076
112 105 102 4083 4071 4080
107 112 106 4084 4082 4078
44 77 114 3193 3691 3690
44 114 46 3690 3692 3670
116 45 46 3693 3671 3694
47 45 116 3672 3693 3695
116 69 47 3696 3686 3695
117 46 114 3697 3692 3698
46 117 116 3697 3699 3694
80 124 81 4085 4086 3195
80 85 124 4050 4087 4085
127 125 81 4088 3196 4089
127 81 124 4089 4086 4090
128 117 114 3700 3698 3701
117 129 116 3702 3703 3699
116 129 69 3703 3704 3696
130 59 69 3705 3685 3706
131 69 129 3707 3704 3708
131 130 69 3709 3706 3707
133 55 60 3330 3314 3331
55 133 72 3330 3332 3323
52 136 53 3333 3334 3183
63 136 52 3335 3333 3317
53 136 140 3334 3337 3336
74 53 141 4042 4092 4091
53 140 142 3336 3338 3184
53 142 141 3184 4093 4092
74 141 143 4091 4095 4094
74 143 78 4094 4096 4045
144 143 141 4097 4095 4098
62 84 150 3174 3340 3339
60 62 150 3316 3339 3341
60 150 151 3341 3343 3342
60 151 133 3342 3344 3331
152 83 58 3710 3689 3711
59 152 58 3712 3711 3681
152 59 130 3712 3705 3713
62 155 84 3714 3715 3174
83 155 62 3716 3714 3688
136 63 156 3335 3346 3345
63 76 156 3326 3347 3346
157 72 133 3348 3332 3349
157 66 72 3350 3325 3348
156 76 158 3347 3352 3351
66 158 76 3353 3352 3329
159 66 157 3354 3350 3355
159 158 66 3356 3353 3354
85 180 124 4099 4100 4087
180 85 101 4099 4062 4101
77 80 185 3194 3718 3717
77 185 114 3717 3719 3691
128 114 185 3701 3719 3720
186 78 143 4102 4096 4103
186 79 78 4104 4048 4102
112 187 105 4105 4106 4083
107 187 112 4107 4105 4084
188 79 186 4108 4104 4109
107 79 188 4079 4108 4110
107 188 187 4110 4111 4107
191 82 193 3721 3198 3722
192 193 82 4112 3198 4113
194 82 125 4114 3197 4115
125 127 194 4088 4116 4115
192 82 194 4113 4114 4117
127 195 194 4118 4119 4116
124 196 127 4120 4121 4090
124 180 196 4100 4122 4120
195 127 196 4118 4121 4123
198 128 185 3723 3720 3724
80 81 199 3195 3726 3725
199 185 80 3727 3718 3725
185 199 198 3727 3728 3724
81 125 201 3196 3730 3729
201 199 81 3731 3726 3729
125 82 202 3197 3733 3732
191 202 82 3734 3733 3721
125 202 201 3732 3735 3730
203 155 83 3736 3716 3737
152 203 83 3738 3737 3710
204 150 84 3357 3340 3358
155 206 84 3739 3740 3715
204 84 207 3358 3175 3359
84 206 207 3740 3741 3175
209 206 155 3742 3739 3743
155 203 209 3736 3744 3743
203 152 212 3738 3746 3745
130 212 152 3747 3746 3713
180 101 218 4101 4125 4124
218 101 105 4125 4072 4126
219 218 105 4127 4126 4128
219 105 187 4128 4106 4129
117 128 244 3700 3749 3748
129 117 244 3702 3748 3750
198 256 128 3751 3752 3723
244 128 256 3749 3752 3753
129 244 258 3750 3755 3754
131 129 258 3708 3754 3756
263 244 256 3757 3753 3758
263 258 244 3759 3755 3757
264 212 130 3760 3747 3761
131 264 130 3762 3761 3709
131 258 264 3756 3763 3762
264 258 265 3763 3765 3764
266 258 263 3766 3759 3767
266 265 258 3768 3765 3766
143 144 269 4097 4131 4130
143 269 186 4130 4132 4103
142 274 272 3360 3361 3185
142 140 274 3338 3362 3360
275 272 274 3363 3361 3364
276 140 136 3365 3337 3366
156 276 136 3367 3366 3345
277 133 151 3368 3344 3369
277 157 133 3370 3349 3368
140 283 274 3371 3372 3362
283 140 276 3371 3365 3373
288 142 272 4133 3185 4134
288 141 142 4135 4093 4133
141 288 144 4135 4136 4098
290 144 288 4137 4136 4138
144 290 292 4137 4140 4139
292 269 144 4141 4131 4139
292 271 269 4142 4143 4141
294 288 272 4144 4134 4145
288 294 290 4144 4146 4138
275 295 272 3374 3186 3363
272 295 294 3186 4147 4145
297 296 295 3375 3187 3376
295 275 297 3374 3377 3376
298 296 297 3378 3375 3379
298 299 296 3380 3188 3378
151 306 277 3381 3382 3369
150 204 309 3357 3384 3383
309 151 150 3385 3343 3383
151 309 306 3385 3386 3381
264 311 212 3769 3770 3760
311 264 265 3769 3764 3771
313 209 203 3772 3744 3773
203 212 313 3745 3774 3773
311 313 212 3775 3774 3770
317 316 318 3387 3178 3388
319 318 316 3776 3178 3777
320 306 309 3389 3386 3390
156 324 276 3391 3392 3367
158 324 156 3393 3391 3351
325 157 277 3394 3370 3395
159 157 325 3355 3394 3396
158 326 324 3397 3398 3393
159 326 158 3399 3397 3356
159 325 326 3396 3400 3399
345 290 294 4148 4146 4149
349 271 292 4150 4142 4151
180 353 196 4152 4153 4122
353 180 218 4152 4124 4154
353 218 361 4154 4156 4155
219 361 218 4157 4156 4127
355 353 361 4158 4155 4159
363 219 187 4160 4129 4161
369 186 269 4162 4132 4163
369 269 271 4163 4143 4164
188 186 369 4109 4162 4165
369 370 188 4166 4167 4165
188 370 187 4167 4168 4111
363 187 370 4161 4168 4169
371 369 271 4170 4164 4171
371 370 369 4172 4166 4170
355 361 375 4159 4174 4173
377 361 219 4175 4157 4176
363 377 219 4177 4176 4160
371 378 370 4178 4179 4172
377 363 378 4177 4181 4180
363 370 378 4169 4179 4181
377 378 379 4180 4183 4182
361 379 375 4184 4185 4174
377 379 361 4182 4184 4175
196 380 195 4186 4187 4123
196 353 380 4153 4188 4186
355 380 353 4189 4188 4158
381 195 380 4190 4187 4191
192 194 382 4117 4193 4192
194 195 382 4119 4194 4193
381 382 195 4195 4194 4190
191 384 202 3778 3779 3734
191 193 385 3722 3249 3780
191 385 384 3780 3781 3778
385 193 388 3249 5110 5109
192 389 193 4196 3259 4112
192 382 389 4192 4197 4196
389 388 193 5111 5110 3259
390 382 381 4198 4195 4199
399 256 198 3782 3751 3783
199 201 401 3731 3785 3784
401 198 199 3786 3728 3784
198 401 399 3786 3787 3783
403 201 202 3788 3735 3789
403 401 201 3790 3785 3788
384 404 202 3791 3792 3779
403 202 404 3789 3792 3793
207 208 407 3176 3402 3401
407 204 207 3403 3359 3401
206 209 408 3742 3795 3794
204 407 409 3403 3405 3404
409 309 204 3406 3384 3404
309 409 320 3406 3407 3390
208 316 412 3177 3409 3408
317 412 316 3410 3409 3387
208 412 407 3408 3411 3402
413 208 207 3796 3176 3797
413 207 206 3797 3741 3798
206 408 413 3794 3799 3798
415 316 208 3800 3177 3801
208 413 415 3796 3802 3801
319 316 415 3777 3800 3803
413 416 415 3804 3805 3802
413 408 416 3799 3806 3804
418 408 209 3807 3795 3808
209 313 418 3772 3809 3808
448 418 313 3810 3809 3811
313 311 448 3775 3812 3811
449 448 311 3813 3812 3814
449 311 265 3814 3771 3815
399 458 256 3816 3817 3782
456 458 399 3818 3816 3819
263 256 458 3758 3817 3820
456 457 458 3821 3822 3818
457 459 458 3823 3824 3822
460 263 458 3825 3820 3826
460 458 459 3826 3824 3827
460 266 263 3828 3767 3825
265 470 449 3829 3830 3815
266 460 470 3828 3832 3831
266 470 265 3831 3829 3768
460 459 470 3827 3833 3832
471 449 470 3834 3830 3835
408 472 416 3836 3837 3806
408 418 472 3807 3838 3836
349 477 271 4200 4201 4150
477 478 271 4202 4203 4201
371 271 478 4171 4203 4204
371 478 378 4204 4205 4178
482 378 478 4206 4205 4207
275 488 297 3412 3413 3377
274 491 275 3414 3415 3364
274 283 491 3372 3416 3414
488 275 491 3412 3415 3417
283 496 491 3418 3419 3416
283 276 497 3373 3421 3420
497 276 324 3421 3392 3422
496 283 497 3418 3420 3423
500 277 306 3424 3382 3425
325 277 500 3395 3424 3426
500 306 512 3425 3428 3427
320 512 306 3429 3428 3389
345 514 290 4208 4209 4148
290 514 292 4209 4210 4140
349 292 514 4151 4210 4211
349 514 520 4211 4213 4212
349 520 477 4212 4214 4200
295 296 523 3187 4216 4215
295 523 294 4215 4217 4147
345 294 523 4149 4217 4218
524 296 299 4219 3188 4220
524 523 296 4221 4216 4219
345 523 525 4218 4223 4222
345 525 514 4222 4224 4208
298 297 527 3379 3431 3430
297 488 527 3413 3432 3431
298 530 299 3433 3219 3380
298 527 530 3430 3434 3433
530 531 299 4745 4746 3219
524 299 532 4220 3229 4225
532 299 531 3229 4746 4747
533 514 525 4226 4224 4227
533 520 514 4228 4213 4226
551 472 418 3839 3838 3840
551 418 448 3840 3810 3841
552 416 472 3842 3837 3843
552 472 553 3843 3845 3844
552 553 554 3844 3847 3846
317 555 412 3435 3436 3410
317 318 556 3388 3199 3437
317 556 555 3437 3438 3435
319 415 558 3803 3849 3848
554 558 552 3850 3851 3846
415 416 558 3805 3852 3849
552 558 416 3851 3852 3842
319 559 318 3853 3209 3776
319 558 559 3848 3854 3853
556 318 560 3199 4382 4381
559 560 318 4383 4382 3209
563 512 320 3439 3429 3440
409 565 320 3441 3442 3407
563 320 565 3440 3442 3443
566 407 412 3444 3411 3445
566 409 407 3446 3405 3444
566 565 409 3447 3441 3446
555 567 412 3448 3449 3436
566 412 567 3445 3449 3450
566 567 565 3450 3451 3447
570 497 324 3452 3422 3453
570 324 326 3453 3398 3454
500 571 325 3455 3456 3426
325 571 326 3456 3457 3400
572 570 326 3458 3454 3459
572 326 571 3459 3457 3460
477 520 598 4214 4230 4229
477 598 599 4229 4232 4231
599 478 477 4233 4202 4231
482 478 599 4207 4233 4234
355 608 380 4235 4236 4189
355 375 608 4173 4237 4235
630 375 379 4238 4185 4239
375 631 608 4240 4241 4237
631 375 630 4240 4238 4242
630 379 632 4239 4244 4243
379 378 632 4183 4245 4244
482 632 378 4246 4245 4206
482 599 636 4234 4248 4247
482 636 632 4247 4249 4246
632 639 630 4250 4251 4243
639 632 636 4250 4249 4252
381 643 390 4253 4254 4199
381 380 643 4191 4255 4253
608 643 380 4256 4255 4236
644 643 608 4257 4256 4258
608 631 644 4241 4259 4258
649 404 384 3855 3791 3856
384 385 650 3781 3250 3857
650 649 384 3858 3856 3857
654 389 382 3260 4197 4260
654 382 390 4260 4198 4261
657 650 385 5112 3250 5113
388 657 385 5114 5113 5109
654 659 389 5115 5116 3260
388 389 659 5111 5116 5117
388 659 657 5117 5118 5114
643 661 390 4262 4263 4254
643 644 661 4257 4264 4262
662 654 390 3261 4261 4265
390 661 662 4263 4266 4265
403 668 401 3859 3860 3790
401 668 399 3860 3861 3787
403 404 668 3793 3862 3859
456 399 668 3819 3861 3863
649 669 404 3864 3865 3855
669 668 404 3866 3862 3865
649 650 670 3858 3251 3867
669 671 668 3868 3869 3866
456 668 671 3863 3869 3870
456 671 457 3870 3871 3821
670 672 649 3872 3873 3867
669 649 672 3864 3873 3874
672 674 669 3875 3876 3874
671 669 674 3868 3876 3877
563 565 692 3443 3462 3461
551 448 723 3841 3879 3878
448 449 723 3813 3880 3879
471 723 449 3881 3880 3834
727 674 724 3882 3884 3883
671 674 727 3877 3882 3885
457 671 727 3871 3885 3886
457 727 728 3886 3888 3887
728 459 457 3889 3823 3887
729 459 728 3890 3889 3891
729 470 459 3892 3833 3890
471 470 748 3835 3894 3893
729 748 470 3895 3894 3892
471 753 723 3896 3897 3881
471 748 753 3893 3898 3896
472 754 553 3899 3900 3845
551 754 472 3901 3899 3839
551 723 754 3878 3902 3901
599 598 755 4232 4268 4267
599 755 636 4267 4269 4248
764 527 765 3463 3465 3464
765 527 488 3465 3432 3466
765 772 764 3467 3468 3464
491 773 488 3469 3470 3417
765 773 772 3471 3472 3467
491 496 773 3419 3473 3469
765 488 773 3466 3470 3471
511 773 496 3474 3473 3475
780 772 773 3476 3472 3477
511 780 773 3478 3477 3474
496 497 783 3423 3480 3479
570 783 497 3481 3480 3452
511 496 783 3475 3479 3482
784 783 570 3483 3481 3484
572 784 570 3485 3484 3458
511 785 780 3486 3487 3478
511 783 785 3482 3488 3486
788 500 512 3489 3427 3490
788 571 500 3491 3455 3489
563 692 800 3461 3493 3492
563 800 512 3492 3494 3439
800 801 512 3495 3496 3494
788 512 801 3490 3496 3497
807 520 533 4270 4228 4271
520 807 598 4270 4272 4230
807 808 598 4273 4274 4272
598 808 755 4274 4275 4268
524 532 815 4225 4277 4276
524 815 523 4276 4278 4221
815 525 523 4279 4223 4278
816 525 815 4280 4279 4281
816 533 525 4282 4227 4280
815 532 818 4277 3230 4283
818 816 815 4284 4281 4283
819 530 527 3220 3434 3498
819 527 764 3498 3463 3499
819 822 530 4748 4749 3220
531 530 822 4745 4749 4750
823 818 532 4751 3230 4752
531 823 532 4753 4752 4747
531 822 823 4750 4754 4753
533 816 824 4282 4286 4285
824 807 533 4287 4271 4285
816 818 828 4284 3231 4288
828 824 816 4289 4286 4288
844 553 754 3903 3900 3904
845 565 567 3500 3451 3501
845 692 565 3502 3462 3500
848 567 555 3503 3448 3504
848 845 567 3505 3501 3503
555 556 849 3438 3200 3506
849 848 555 3507 3504 3506
853 559 558 3210 3854 3905
853 558 554 3905 3850 3906
553 856 554 3907 3908 3847
553 844 856 3903 3909 3907
857 853 554 3211 3906 3910
554 856 857 3908 3911 3910
859 849 556 4384 3200 4385
560 859 556 4386 4385 4381
853 860 559 4387 4388 3210
560 559 860 4383 4388 4389
560 860 859 4389 4390 4386
788 870 571 3508 3509 3491
784 572 870 3485 3511 3510
788 801 870 3497 3512 3508
572 571 870 3460 3509 3511
893 819 764 3221 3499 3513
848 849 895 3507 3201 3514
800 692 896 3493 3516 3515
897 692 845 3517 3502 3518
692 897 896 3517 3519 3516
764 898 893 3520 3521 3513
772 898 764 3522 3520 3468
772 900 898 3523 3524 3522
900 772 780 3523 3476 3525
661 644 918 4264 4291 4290
630 954 631 4292 4293 4242
954 630 639 4292 4251 4294
644 955 918 4295 4296 4291
644 631 955 4259 4297 4295
954 955 631 4298 4297 4293
958 639 636 4299 4252 4300
755 959 636 4301 4302 4269
958 636 959 4300 4302 4303
639 966 954 4304 4305 4294
958 966 639 4306 4304 4299
954 967 955 4307 4308 4298
966 967 954 4309 4307 4305
966 968 967 4310 4311 4309
969 662 661 3262 4266 4312
918 969 661 4313 4312 4290
969 918 970 4313 4314 3263
918 971 970 4315 4316 4314
955 971 918 4317 4315 4296
955 967 971 4308 4318 4317
985 670 650 5119 3251 5120
650 657 985 5112 5121 5120
662 990 654 5122 5123 3261
659 654 990 5115 5123 5124
991 985 657 5125 5121 5126
657 659 991 5118 5127 5126
992 659 990 5128 5124 5129
992 991 659 5130 5127 5128
969 993 662 5131 5132 3262
990 662 993 5122 5132 5133
674 672 1004 3875 3913 3912
1004 724 674 3914 3884 3912
670 1005 672 3252 3915 3872
672 1005 1004 3915 3916 3913
670 1007 1005 5134 5135 3252
985 1007 670 5136 5134 5119
1004 1012 724 3917 3918 3914
1005 1014 1004 3253 3919 3916
1004 1014 1012 3919 3920 3917
895 1025 848 3526 3527 3514
845 848 1025 3505 3527 3528
1025 897 845 3529 3518 3528
754 1057 844 3921 3922 3904
754 723 1057 3902 3923 3921
753 1056 1057 3924 3926 3925
753 1057 723 3925 3923 3897
729 728 1058 3891 3928 3927
729 1058 748 3927 3929 3895
1059 1056 753 3930 3924 3931
753 748 1059 3898 3932 3931
1059 748 1058 3932 3929 3933
1061 724 1012 3934 3918 3935
724 1061 1063 3934 3937 3936
724 1063 727 3936 3938 3883
728 727 1063 3888 3938 3939
728 1063 1058 3939 3940 3928
1085 844 1057 3941 3922 3942
1056 1084 1085 3943 3945 3944
1056 1085 1057 3944 3942 3926
1097 755 808 4319 4275 4320
959 755 1097 4301 4319 4321
807 824 1099 4287 4323 4322
808 807 1099 4273 4322 4324
808 1099 1100 4324 4326 4325
1097 808 1100 4320 4325 4327
824 828 1101 4289 3232 4328
824 1101 1099 4328 4329 4323
1099 1101 1102 4329 3233 4330
1099 1102 1100 4330 4331 4326
780 1123 900 3530 3531 3525
785 1123 780 3532 3530 3487
784 870 1127 3510 3534 3533
783 1127 785 3535 3536 3488
784 1127 783 3533 3535 3483
1123 785 1128 3532 3538 3537
1128 785 1127 3538 3536 3539
1128 1127 1129 3539 3541 3540
1127 870 1129 3534 3542 3541
1133 870 801 3543 3512 3544
1133 1129 870 3545 3542 3543
800 896 1140 3515 3547 3546
1140 801 800 3548 3495 3546
1133 801 1140 3544 3548 3549
1140 896 1141 3547 3551 3550
1154 828 818 4755 3231 4756
823 1154 818 4757 4756 4751
893 1156 819 4758 4759 3221
819 1156 822 4759 4760 4748
1159 822 1156 4761 4760 4762
1154 823 1160 4757 4764 4763
823 822 1160 4754 4765 4764
1159 1160 822 4766 4765 4761
828 1164 1101 4767 4768 3232
1154 1164 828 4769 4767 4755
1084 1178 1085 3946 3947 3945
856 844 1179 3909 3949 3948
1085 1178 1179 3947 3951 3950
844 1085 1179 3941 3950 3949
1180 857 856 3212 3911 3952
1179 1180 856 3953 3952 3948
1179 1181 1180 3954 3213 3953
1179 1178 1181 3951 3955 3954
1185 895 849 4391 3201 4392
849 859 1185 4384 4393 4392
857 1190 853 4394 4395 3211
860 853 1190 4387 4395 4396
1180 1192 857 4397 4398 3212
1190 857 1192 4394 4398 4399
1197 1185 859 4400 4393 4401
859 860 1197 4390 4402 4401
1198 860 1190 4403 4396 4404
1198 1197 860 4405 4402 4403
1229 893 898 3222 3521 3552
1230 893 1229 4770 3222 4771
1156 893 1230 4758 4770 4772
1025 895 1231 3526 3202 3553
895 1232 1231 4406 4407 3202
1185 1232 895 4408 4406 4391
1025 1231 1236 3553 3555 3554
897 1025 1236 3529 3554 3556
1237 897 1236 3557 3556 3558
897 1237 896 3557 3559 3519
896 1237 1141 3559 3560 3551
1238 1229 898 3561 3552 3562
898 900 1238 3524 3563 3562
1236 1231 1242 3555 3203 3564
1236 1242 1243 3564 3566 3565
1237 1236 1243 3558 3565 3567
1244 1237 1243 3568 3567 3569
1244 1141 1237 3570 3560 3568
900 1245 1238 3571 3572 3563
900 1123 1245 3531 3573 3571
1246 1245 1123 3574 3573 3575
1128 1246 1123 3576 3575 3537
1245 1248 1238 3577 3578 3572
1229 1238 1249 3561 3579 3223
1238 1248 1249 3578 3580 3579
968 966 1268 4310 4333 4332
958 1268 966 4334 4333 4306
958 959 1268 4303 4335 4334
1100 1269 1097 4336 4337 4327
1270 1097 1269 4338 4337 4339
1097 1270 959 4338 4340 4321
1270 1268 959 4341 4335 4340
968 1268 1271 4332 4343 4342
971 967 1323 4318 4345 4344
968 1323 967 4346 4345 4311
1323 968 1324 4346 4348 4347
1324 968 1271 4348 4342 4349
1324 1327 1323 4350 4351 4347
970 971 1328 4316 4352 3264
1328 1323 1327 4353 4351 3265
971 1323 1328 4344 4353 4352
969 970 1329 3263 5138 5137
993 969 1329 5131 5137 5139
970 1328 1331 3264 5141 5140
970 1331 1329 5140 5142 5138
1007 985 1345 5136 5144 5143
985 991 1345 5125 5145 5144
993 1349 990 5146 5147 5133
992 990 1349 5129 5147 5148
1345 991 1350 5145 5150 5149
992 1349 1350 5148 5152 5151
992 1350 991 5151 5150 5130
1329 1351 993 5153 5154 5139
1349 993 1351 5146 5154 5155
1005 1368 1014 5156 5157 3253
1007 1368 1005 5158 5156 5135
1370 1368 1007 5159 5158 5160
1345 1370 1007 5161 5160 5143
1012 1374 1061 3956 3957 3935
1014 1379 1012 3254 3958 3920
1374 1012 1379 3956 3958 3959
1014 1382 1379 5162 5163 3254
1368 1382 1014 5164 5162 5157
1379 1383 1374 3255 3960 3959
1416 1084 1056 3961 3943 3962
1059 1416 1056 3963 3962 3930
1417 1416 1059 3964 3963 3965
1417 1059 1058 3965 3933 3966
1418 1063 1061 3967 3937 3968
1063 1418 1058 3967 3969 3940
1417 1058 1418 3966 3969 3970
1416 1422 1084 3971 3972 3961
1424 1061 1374 3973 3957 3974
1061 1424 1418 3973 3975 3968
1422 1416 1426 3971 3977 3976
1424 1426 1418 3978 3979 3975
1417 1426 1416 3980 3977 3964
1417 1418 1426 3970 3979 3980
1428 1426 1424 3981 3978 3982
1084 1455 1178 3983 3984 3946
1455 1084 1422 3983 3972 3985
1178 1456 1181 3986 3214 3955
1178 1455 1456 3984 3987 3986
1455 1458 1456 3988 3215 3987
1100 1102 1472 4331 3234 4354
1269 1100 1472 4336 4354 4355
1472 1474 1269 3235 4356 4355
1101 1477 1102 4773 4774 3233
1101 1164 1477 4768 4775 4773
1102 1479 1472 4776 4777 3234
1102 1477 1479 4774 4778 4776
1246 1128 1500 3576 3582 3581
1129 1500 1128 3583 3582 3540
1140 1141 1502 3550 3585 3584
1133 1140 1502 3549 3584 3586
1500 1129 1502 3583 3588 3587
1133 1502 1129 3586 3588 3545
1244 1250 1503 3589 3591 3590
1503 1141 1244 3592 3570 3590
1141 1503 1502 3592 3593 3585
1504 1502 1503 3594 3593 3595
1504 1500 1502 3596 3587 3594
1164 1154 1524 4769 4780 4779
1160 1524 1154 4781 4780 4763
1156 1230 1526 4772 4783 4782
1159 1156 1526 4762 4782 4784
1524 1160 1529 4781 4786 4785
1159 1526 1529 4784 4788 4787
1159 1529 1160 4787 4786 4766
1477 1164 1530 4775 4790 4789
1524 1530 1164 4791 4790 4779
1181 1456 1548 3214 4410 4409
1180 1181 1550 3213 4412 4411
1192 1180 1550 4397 4411 4413
1181 1548 1550 4409 4414 4412
1232 1185 1553 4408 4416 4415
1185 1197 1553 4400 4417 4416
1192 1560 1190 4418 4419 4399
1198 1190 1560 4404 4419 4420
1550 1561 1192 4421 4422 4413
1560 1192 1561 4418 4422 4423
1553 1197 1564 4417 4425 4424
1198 1560 1564 4420 4427 4426
1198 1564 1197 4426 4425 4405
1229 1249 1589 3223 4793 4792
1230 1229 1589 4771 4792 4794
1589 1590 1230 4795 4796 4794
1526 1230 1590 4783 4796 4797
1231 1591 1242 4428 4429 3203
1232 1591 1231 4430 4428 4407
1592 1591 1232 4431 4430 4432
1553 1592 1232 4433 4432 4415
1243 1601 1244 3597 3598 3569
1250 1244 1601 3589 3598 3599
1243 1242 1602 3566 3204 3600
1601 1243 1602 3597 3600 3601
1242 1603 1602 4434 4435 3204
1591 1603 1242 4436 4434 4429
1250 1608 1503 3602 3603 3591
1504 1503 1608 3595 3603 3604
1504 1608 1609 3604 3606 3605
1500 1609 1246 3607 3608 3581
1504 1609 1500 3605 3607 3596
1245 1611 1248 3609 3610 3577
1246 1611 1245 3611 3609 3574
1609 1611 1246 3612 3611 3608
1612 1608 1250 3613 3602 3614
1589 1249 1616 4793 4799 4798
1248 1611 1617 3610 3616 3615
1249 1248 1618 3580 3617 3224
1248 1617 1618 3615 3618 3617
1249 1618 1616 3224 4800 4799
1618 1617 1620 3618 3619 3225
1601 1623 1250 3620 3621 3599
1612 1250 1623 3614 3621 3622
1602 1624 1601 3205 3623 3601
1623 1601 1624 3620 3623 3624
1612 1623 1625 3622 3626 3625
1642 1268 1270 4357 4341 4358
1642 1271 1268 4359 4343 4357
1643 1269 1474 4360 4356 4361
1269 1643 1270 4360 4362 4339
1642 1270 1643 4358 4362 4363
1642 1643 1648 4363 4365 4364
1642 1648 1271 4364 4366 4359
1474 1649 1643 3236 4367 4361
1648 1643 1649 4365 4367 4368
1649 1650 1648 3237 4369 4368
1271 1652 1324 4370 4371 4349
1652 1271 1648 4370 4366 4372
1327 1324 1653 4350 4373 3266
1653 1324 1652 4373 4371 4374
1652 1654 1653 4375 3267 4374
1656 1654 1652 4376 4375 4377
1656 1648 1650 4378 4369 4379
1656 1652 1648 4377 4372 4378
1709 1327 1653 5165 3266 5166
1328 1327 1710 3265 5168 5167
1328 1710 1331 5167 5169 5141
1327 1709 1710 5165 5170 5168
1711 1329 1331 5171 5142 5172
1351 1329 1711 5153 5171 5173
1713 1331 1710 5174 5169 5175
1713 1711 1331 5176 5172 5174
1723 1370 1345 5177 5161 5178
1345 1350 1723 5149 5179 5178
1351 1724 1349 5180 5181 5155
1349 1724 1350 5181 5182 5152
1725 1723 1350 5183 5179 5184
1725 1350 1724 5184 5182 5185
1351 1711 1727 5173 5187 5186
1724 1351 1727 5180 5186 5188
1368 1742 1382 5189 5190 5164
1370 1742 1368 5191 5189 5159
1742 1370 1744 5191 5193 5192
1723 1744 1370 5194 5193 5177
1748 1458 1455 3989 3988 3990
1455 1422 1748 3985 3991 3990
1748 1422 1749 3991 3993 3992
1422 1426 1749 3976 3994 3993
1428 1749 1426 3995 3994 3981
1750 1374 1383 3996 3960 3997
1750 1424 1374 3998 3974 3996
1428 1424 1750 3982 3998 3999
1379 1755 1383 5195 5196 3255
1382 1755 1379 5197 5195 5163
1755 1382 1758 5197 5199 5198
1758 1382 1742 5199 5190 5200
1383 1760 1750 3256 4000 3997
1383 1761 1760 5201 5202 3256
1761 1383 1755 5201 5196 5203
1760 1762 1763 3257 4002 4001
1763 1750 1760 4003 4000 4001
1428 1750 1763 3999 4003 4004
1428 1763 1749 4004 4005 3995
1748 1749 1764 3992 4007 4006
1764 1749 1763 4007 4005 4008
1458 1748 1765 3989 4009 3216
1764 1765 1748 4010 4009 4006
1766 1763 1762 4011 4002 4012
1766 1764 1763 4013 4008 4011
1764 1767 1765 4014 3217 4010
1766 1767 1764 4015 4014 4013
1456 1458 1832 3215 4438 4437
1456 1832 1548 4437 4439 4410
1833 1458 1765 4440 3216 4441
1458 1833 1832 4440 4442 4438
1472 1844 1474 4801 4802 3235
1479 1844 1472 4803 4801 4777
1474 1846 1649 4804 4805 3236
1846 1474 1844 4804 4802 4806
1479 1477 1849 4778 4808 4807
1530 1849 1477 4809 4808 4789
1853 1844 1479 4810 4803 4811
1853 1479 1849 4811 4807 4812
1530 1524 1888 4791 4814 4813
1524 1529 1888 4785 4815 4814
1526 1590 1889 4797 4817 4816
1526 1889 1529 4816 4818 4788
1891 1888 1529 4819 4815 4820
1891 1529 1889 4820 4818 4821
1530 1894 1849 4822 4823 4809
1888 1894 1530 4824 4822 4813
1914 1548 1832 4443 4439 4444
1915 1550 1548 4445 4414 4446
1561 1550 1915 4421 4445 4447
1914 1915 1548 4448 4446 4443
1916 1592 1553 4449 4433 4450
1553 1564 1916 4424 4451 4450
1561 1915 1921 4447 4453 4452
1561 1922 1560 4454 4455 4423
1560 1922 1564 4455 4456 4427
1922 1561 1921 4454 4452 4457
1924 1916 1564 4458 4451 4459
1924 1564 1922 4459 4456 4460
1889 1590 1939 4817 4826 4825
1941 1589 1616 4827 4798 4828
1590 1589 1941 4795 4827 4829
1941 1939 1590 4830 4826 4829
1591 1942 1603 4461 4462 4436
1592 1942 1591 4463 4461 4431
1942 1592 1943 4463 4465 4464
1916 1943 1592 4466 4465 4449
1602 1951 1624 4467 4468 3205
1603 1951 1602 4469 4467 4435
1951 1603 1952 4469 4471 4470
1952 1603 1942 4471 4462 4472
1612 1625 1959 3625 3628 3627
1612 1959 1608 3627 3629 3613
1960 1620 1617 3630 3619 3631
1617 1961 1960 3632 3633 3631
1961 1617 1611 3632 3616 3634
1960 1961 1959 3633 3636 3635
1609 1961 1611 3637 3634 3612
1961 1608 1959 3638 3629 3636
1961 1609 1608 3637 3606 3638
1941 1616 1969 4828 4832 4831
1618 1620 1970 3225 4834 4833
1616 1618 1970 4800 4833 4835
1969 1616 1970 4832 4835 4836
1959 1974 1960 3639 3640 3635
1974 1959 1625 3639 3628 3641
1620 1960 1975 3630 3642 3226
1975 1960 1974 3642 3640 3643
1976 1620 1975 4837 3226 4838
1620 1976 1970 4837 4839 4834
1979 1624 1951 4473 4468 4474
1624 1980 1623 3206 3644 3624
1625 1623 1980 3626 3644 3645
1624 1979 1980 4473 4475 3206
1983 1974 1625 3646 3641 3647
1980 1984 1625 3207 3648 3645
1983 1625 1984 3647 3648 3649
1974 1985 1975 3650 3227 3643
1983 1985 1974 3651 3650 3646
1649 2008 1650 4840 4841 3237
2008 1649 1846 4840 4805 4842
2009 1650 2008 4843 4841 4844
1654 1656 2010 4376 4380 3268
1650 2010 1656 3238 4380 4379
2009 2010 1650 4845 3238 4843
2012 1654 2010 5204 3268 5205
2013 1653 1654 5206 3267 5207
1653 2013 1709 5206 5208 5166
2012 2013 1654 5209 5207 5204
1709 2013 2059 5208 5211 5210
1710 1709 2060 5170 5213 5212
1710 2060 1713 5212 5214 5175
1709 2059 2060 5210 5215 5213
1711 1713 2063 5176 5217 5216
2063 1727 1711 5218 5187 5216
1713 2060 2064 5214 5220 5219
2063 1713 2064 5217 5219 5221
2071 1744 1723 5222 5194 5223
1725 2071 1723 5224 5223 5183
1727 2072 1724 5225 5226 5188
1725 1724 2072 5185 5226 5227
1725 2072 2071 5227 5228 5224
2073 1727 2063 5229 5218 5230
2073 2072 1727 5231 5225 5229
1758 1742 2090 5200 5233 5232
1744 2090 1742 5234 5233 5192
2090 1744 2091 5234 5236 5235
2071 2091 1744 5237 5236 5222
1762 2103 1766 3258 4016 4012
1767 1766 2103 4015 4016 3218
2106 1761 1755 5238 5203 5239
2106 1755 1758 5239 5198 5240
1758 2108 2106 5241 5242 5240
2108 1758 2090 5241 5232 5243
2109 1761 2106 5244 5238 5245
1760 2110 1762 5246 5247 3257
1760 1761 2110 5202 5248 5246
2109 2110 1761 5249 5248 5244
2111 2103 1762 5250 3258 5251
2111 1762 2110 5251 5247 5252
2113 1765 1767 4476 3217 4477
1765 2113 1833 4476 4478 4441
2114 1767 2103 4479 3218 4480
2114 2113 1767 4481 4477 4479
1833 2113 2167 4478 4483 4482
1832 1833 2168 4442 4485 4484
1832 2168 1914 4484 4486 4444
1833 2167 2168 4482 4487 4485
2176 1846 1844 4846 4806 4847
2176 1844 1853 4847 4810 4848
1846 2177 2008 4849 4850 4842
2177 1846 2176 4849 4846 4851
1853 1849 2181 4812 4853 4852
1894 2181 1849 4854 4853 4823
1853 2182 2176 4855 4856 4848
2182 1853 2181 4855 4852 4857
1894 1888 2217 4824 4859 4858
1891 2217 1888 4860 4859 4819
2218 1889 1939 4861 4825 4862
1891 1889 2218 4821 4861 4863
1891 2218 2217 4863 4864 4860
2220 2181 1894 4865 4854 4866
2220 1894 2217 4866 4858 4867
1914 2168 2234 4486 4489 4488
1915 1914 2236 4448 4491 4490
2236 1921 1915 4492 4453 4490
2236 1914 2234 4491 4488 4493
2237 1943 1916 4494 4466 4495
1924 2237 1916 4496 4495 4458
2240 1921 2236 4497 4492 4498
1921 2242 1922 4499 4500 4457
1924 1922 2242 4460 4500 4501
2240 2242 1921 4502 4499 4497
1924 2242 2237 4501 4503 4496
2218 1939 2257 4862 4869 4868
1969 2258 1941 4870 4871 4831
1939 1941 2258 4830 4871 4872
2257 1939 2258 4869 4872 4873
1952 1942 2259 4472 4505 4504
1943 2259 1942 4506 4505 4464
2259 1943 2260 4506 4508 4507
2237 2260 1943 4509 4508 4494
2268 1979 1951 4510 4474 4511
2268 1951 1952 4511 4470 4512
1952 2269 2268 4513 4514 4512
2269 1952 2259 4513 4504 4515
2281 2258 1969 4874 4870 4875
2282 1970 1976 4876 4839 4877
1970 2282 1969 4876 4878 4836
1969 2282 2281 4878 4879 4875
2285 1979 2268 4516 4510 4517
2288 1975 1985 4880 3227 4881
1975 2288 1976 4880 4882 4838
1976 2288 2289 4882 4884 4883
1976 2289 2282 4883 4885 4877
1980 2291 1984 4518 4519 3207
1980 1979 2291 4475 4520 4518
2285 2291 1979 4521 4520 4516
2294 2288 1985 4886 4881 4887
2295 1984 2291 4522 4519 4523
1985 1983 2296 3651 3652 3228
1984 2296 1983 3208 3652 3649
2295 2296 1984 4524 3208 4522
2294 1985 2296 4887 3228 4888
2177 2315 2008 4889 4890 4850
2009 2008 2316 4844 4892 4891
2316 2008 2315 4892 4890 4893
2009 2317 2010 4894 3279 4845
2009 2316 2317 4891 4895 4894
2012 2010 2317 5205 3279 5253
2012 2317 2318 5253 5255 5254
2012 2318 2013 5254 5256 5209
2013 2318 2059 5256 5257 5211
2356 2059 2318 5258 5257 5259
2060 2059 2359 5215 5261 5260
2060 2359 2064 5260 5262 5220
2356 2359 2059 5263 5261 5258
2360 2064 2359 5264 5262 5265
2064 2362 2063 5266 5267 5221
2073 2063 2362 5230 5267 5268
2360 2362 2064 5269 5266 5264
2366 2091 2071 5270 5237 5271
2366 2071 2072 5271 5228 5272
2367 2072 2073 5273 5231 5274
2367 2366 2072 5275 5272 5273
2368 2073 2362 5276 5268 5277
2367 2073 2368 5274 5276 5278
2381 2091 2366 5279 5270 5280
2091 2382 2090 5281 5282 5235
2090 2382 2108 5282 5283 5243
2381 2382 2091 5284 5281 5279
2387 2108 2382 5285 5283 5286
2114 2103 2394 4480 3269 4525
2111 2394 2103 5287 3269 5250
2109 2106 2396 5245 5289 5288
2396 2106 2108 5289 5242 5290
2387 2396 2108 5291 5290 5285
2109 2397 2110 5292 5293 5249
2109 2396 2397 5288 5294 5292
2111 2398 2394 5295 5296 5287
2111 2110 2398 5252 5297 5295
2398 2110 2397 5297 5293 5298
2114 2394 2400 4525 4527 4526
2114 2400 2113 4526 4528 4481
2113 2400 2167 4528 4529 4483
2425 2167 2400 4530 4529 4531
2168 2167 2442 4487 4533 4532
2168 2442 2234 4532 4534 4489
2425 2442 2167 4535 4533 4530
2448 2234 2442 4536 4534 4537
2177 2176 2451 4851 4897 4896
2451 2176 2182 4897 4856 4898
2177 2451 2315 4896 4899 4889
2457 2451 2182 4900 4898 4901
2181 2459 2182 4902 4903 4857
2457 2182 2459 4901 4903 4904
2220 2459 2181 4905 4902 4865
2487 2220 2217 4906 4867 4907
2488 2218 2257 4908 4868 4909
2218 2488 2217 4908 4910 4864
2487 2217 2488 4907 4910 4911
2489 2459 2220 4912 4905 4913
2489 2220 2487 4913 4906 4914
2234 2499 2236 4538 4539 4493
2240 2236 2499 4498 4539 4540
2448 2499 2234 4541 4538 4536
2502 2260 2237 4542 4509 4543
2502 2237 2242 4543 4503 4544
2503 2240 2499 4545 4540 4546
2504 2242 2240 4547 4502 4548
2504 2502 2242 4549 4544 4547
2504 2240 2503 4548 4545 4550
2517 2260 2502 4551 4542 4552
2488 2257 2520 4909 4916 4915
2521 2258 2281 4917 4874 4918
2258 2521 2257 4917 4919 4873
2257 2521 2520 4919 4920 4916
2260 2522 2259 4553 4554 4507
2259 2522 2269 4554 4555 4515
2517 2522 2260 4556 4553 4551
2529 2269 2522 4557 4555 4558
2533 2521 2281 4921 4918 4922
2285 2268 2535 4517 4560 4559
2535 2268 2269 4560 4514 4561
2529 2535 2269 4562 4561 4557
2282 2289 2541 4885 4924 4923
2282 2541 2281 4923 4925 4879
2281 2541 2533 4925 4926 4922
2285 2542 2291 4563 4564 4521
2285 2535 2542 4559 4565 4563
2544 2541 2289 4927 4924 4928
2294 2545 2288 4929 4930 4886
2288 2545 2289 4930 4931 4884
2544 2289 2545 4928 4931 4932
2295 2291 2547 4523 4567 4566
2547 2291 2542 4567 4564 4568
2295 2548 2296 4569 3239 4524
2295 2547 2548 4566 4570 4569
2294 2296 2548 4888 3239 4933
2294 2548 2545 4933 4934 4929
2559 2315 2451 4935 4899 4936
2561 2316 2315 4937 4893 4938
2561 2315 2559 4938 4935 4939
2316 2562 2317 4940 3280 4895
2562 2316 2561 4940 4937 4941
2562 2318 2317 5299 5255 3280
2562 2564 2318 5300 5301 5299
2356 2318 2564 5259 5301 5302
2356 2564 2592 5302 5304 5303
2356 2592 2359 5303 5305 5263
2592 2596 2359 5306 5307 5305
2360 2359 2596 5265 5307 5308
2360 2596 2597 5308 5310 5309
2360 2597 2362 5309 5311 5269
2597 2601 2362 5312 5313 5311
2368 2362 2601 5277 5313 5314
2381 2366 2604 5280 5316 5315
2367 2368 2604 5278 5318 5317
2368 2601 2604 5314 5319 5318
2367 2604 2366 5317 5316 5275
2381 2613 2382 5320 5321 5284
2381 2604 2613 5315 5322 5320
2387 2382 2614 5286 5324 5323
2614 2382 2613 5324 5321 5325
2387 2618 2396 5326 5327 5291
2387 2614 2618 5323 5328 5326
2623 2400 2394 4571 4527 3270
2398 2623 2394 5329 3270 5296
2624 2397 2396 5330 5294 5331
2618 2624 2396 5332 5331 5327
2623 2398 2625 5329 5334 5333
2625 2398 2397 5334 5298 5335
2397 2624 2625 5330 5336 5335
2623 2630 2400 4572 4573 4571
2425 2400 2630 4531 4573 4574
2425 2630 2650 4574 4576 4575
2425 2650 2442 4575 4577 4535
2650 2660 2442 4578 4579 4577
2448 2442 2660 4537 4579 4580
2448 2660 2663 4580 4582 4581
2448 2663 2499 4581 4583 4541
2559 2451 2667 4936 4943 4942
2457 2667 2451 4944 4943 4900
2457 2672 2667 4945 4946 4944
2457 2459 2672 4904 4947 4945
2673 2672 2459 4948 4947 4949
2489 2673 2459 4950 4949 4912
2520 2695 2488 4951 4952 4915
2489 2487 2695 4914 4954 4953
2487 2488 2695 4911 4952 4954
2489 2695 2673 4953 4955 4950
2663 2704 2499 4584 4585 4583
2503 2499 2704 4546 4585 4586
2517 2502 2705 4552 4588 4587
2504 2503 2705 4550 4590 4589
2503 2704 2705 4586 4591 4590
2504 2705 2502 4589 4588 4549
2517 2718 2522 4592 4593 4556
2517 2705 2718 4587 4594 4592
2719 2695 2520 4956 4951 4957
2533 2722 2521 4958 4959 4921
2521 2722 2520 4959 4960 4920
2719 2520 2722 4957 4960 4961
2529 2522 2723 4558 4596 4595
2723 2522 2718 4596 4593 4597
2529 2729 2535 4598 4599 4562
2529 2723 2729 4595 4600 4598
2533 2541 2733 4926 4963 4962
2533 2733 2722 4962 4964 4958
2734 2542 2535 4601 4565 4602
2729 2734 2535 4603 4602 4599
2544 2736 2541 4965 4966 4927
2736 2733 2541 4967 4963 4966
2738 2547 2542 4604 4568 4605
2542 2734 2738 4601 4606 4605
2544 2545 2739 4932 4969 4968
2544 2739 2736 4968 4970 4965
2547 2740 2548 4607 3240 4570
2740 2547 2738 4607 4604 4608
2740 2545 2548 4971 4934 3240
2740 2739 2545 4972 4969 4971
2667 2745 2559 4973 4974 4942
2747 2561 2559 4975 4939 4976
2747 2559 2745 4976 4974 4977
2561 2748 2562 4978 3281 4941
2561 2747 2748 4975 4979 4978
2748 2564 2562 5337 5300 3281
2564 2748 2750 5337 5339 5338
2750 2592 2564 5340 5304 5338
2750 2775 2592 5341 5342 5340
2596 2592 2775 5306 5342 5343
2596 2775 2779 5343 5345 5344
2779 2597 2596 5346 5310 5344
2779 2780 2597 5347 5348 5346
2597 2780 2601 5348 5349 5312
2601 2780 2786 5349 5351 5350
2601 2786 2604 5350 5352 5319
2788 2613 2604 5353 5322 5354
2788 2604 2786 5354 5352 5355
2794 2614 2613 5356 5325 5357
2788 2794 2613 5358 5357 5353
2614 2797 2618 5359 5360 5328
2614 2794 2797 5356 5361 5359
2618 2801 2624 5362 5363 5332
2801 2618 2797 5362 5360 5364
2804 2630 2623 4609 4572 3271
2625 2804 2623 5365 3271 5333
2625 2805 2804 5366 5367 5365
2805 2625 2624 5366 5336 5368
2805 2624 2801 5368 5363 5369
2630 2804 2808 4609 4611 4610
2808 2650 2630 4612 4576 4610
2808 2822 2650 4613 4614 4612
2660 2650 2822 4578 4614 4615
2660 2822 2831 4615 4617 4616
2831 2663 2660 4618 4582 4616
2831 2834 2663 4619 4620 4618
2663 2834 2704 4620 4621 4584
2745 2667 2838 4973 4981 4980
2672 2838 2667 4982 4981 4946
2838 2672 2843 4982 4984 4983
2673 2843 2672 4985 4984 4948
2844 2843 2673 4986 4985 4987
2844 2673 2695 4987 4955 4988
2719 2860 2695 4989 4990 4956
2844 2695 2860 4988 4990 4991
2704 2834 2870 4621 4623 4622
2704 2870 2705 4622 4624 4591
2871 2718 2705 4625 4594 4626
2871 2705 2870 4626 4624 4627
2881 2723 2718 4628 4597 4629
2871 2881 2718 4630 4629 4625
2719 2722 2882 4961 4993 4992
2719 2882 2860 4992 4994 4989
2733 2886 2722 4995 4996 4964
2882 2722 2886 4993 4996 4997
2723 2887 2729 4631 4632 4600
2723 2881 2887 4628 4633 4631
2729 2892 2734 4634 4635 4603
2892 2729 2887 4634 4632 4636
2894 2733 2736 4998 4967 4999
2733 2894 2886 4998 5000 4995
2895 2738 2734 4637 4606 4638
2895 2734 2892 4638 4635 4639
2896 2736 2739 5001 4970 5002
2736 2896 2894 5001 5003 4999
2738 2897 2740 4640 3241 4608
2738 2895 2897 4637 4641 4640
2897 2739 2740 5004 4972 3241
2739 2897 2896 5004 5005 5002
2838 2900 2745 5006 5007 4980
2745 2901 2747 5008 5009 4977
2745 2900 2901 5007 5010 5008
2748 2747 2902 4979 5011 3282
2747 2901 2902 5009 5012 5011
2750 2748 2902 5339 3282 5370
2750 2902 2904 5370 5372 5371
2904 2775 2750 5373 5341 5371
2775 2904 2920 5373 5375 5374
2920 2779 2775 5376 5345 5374
2779 2920 2923 5376 5378 5377
2780 2779 2923 5347 5377 5379
2924 2780 2923 5380 5379 5381
2780 2924 2786 5380 5382 5351
2788 2931 2794 5383 5384 5358
2924 2931 2786 5385 5386 5382
2788 2786 2931 5355 5386 5383
2797 2794 2936 5361 5388 5387
2794 2931 2936 5384 5389 5388
2938 2801 2797 5390 5364 5391
2797 2936 2938 5387 5392 5391
2801 2941 2805 5393 5394 5369
2941 2801 2938 5393 5390 5395
2808 2804 2942 4611 3272 4642
2805 2942 2804 5396 3272 5367
2805 2941 2942 5394 5397 5396
2808 2942 2944 4642 4644 4643
2944 2822 2808 4645 4613 4643
2822 2944 2953 4645 4647 4646
2953 2831 2822 4648 4617 4646
2831 2953 2959 4648 4650 4649
2834 2831 2959 4619 4649 4651
2960 2834 2959 4652 4651 4653
2834 2960 2870 4652 4654 4623
2900 2838 2963 5006 5014 5013
2843 2963 2838 5015 5014 4983
2843 2967 2963 5016 5017 5015
2844 2967 2843 5018 5016 4986
2844 2860 2967 4991 5019 5018
2882 2976 2860 5020 5021 4994
2976 2967 2860 5022 5019 5021
2871 2983 2881 4655 4656 4630
2960 2983 2870 4657 4658 4654
2871 2870 2983 4627 4658 4655
2887 2881 2992 4633 4660 4659
2881 2983 2992 4656 4661 4660
2882 2886 2994 4997 5024 5023
2976 2882 2994 5020 5023 5025
2996 2886 2894 5026 5000 5027
2994 2886 2996 5024 5026 5028
2998 2892 2887 4662 4636 4663
2887 2992 2998 4659 4664 4663
2892 3002 2895 4665 4666 4639
3002 2892 2998 4665 4662 4667
3003 2894 2896 5029 5003 5030
2894 3003 2996 5029 5031 5027
2895 3004 2897 4668 3242 4641
2895 3002 3004 4666 4669 4668
2896 2897 3004 5005 3242 5032
2896 3004 3003 5032 5033 5030
2900 2963 3008 5013 5035 5034
2901 2900 3010 5010 5037 5036
3008 3010 2900 5038 5037 5034
2902 2901 3011 5012 5039 3283
2901 3010 3011 5036 5040 5039
2902 3011 2904 3283 5398 5372
2904 3011 3012 5398 5400 5399
2920 2904 3012 5375 5399 5401
2920 3012 3024 5401 5403 5402
2923 2920 3024 5378 5402 5404
3024 3026 2923 5405 5406 5404
2924 2923 3026 5381 5406 5407
3027 2924 3026 5408 5407 5409
3027 2931 2924 5410 5385 5408
3032 2936 2931 5411 5389 5412
3027 3032 2931 5413 5412 5410
2938 2936 3035 5392 5415 5414
3032 3035 2936 5416 5415 5411
2938 3037 2941 5417 5418 5395
3035 3037 2938 5419 5417 5414
2942 3038 2944 3273 4670 4644
2941 3038 2942 5420 3273 5397
2941 3037 3038 5418 5421 5420
2944 3038 3039 4670 4672 4671
2953 2944 3039 4647 4671 4673
2953 3039 3045 4673 4675 4674
2959 2953 3045 4650 4674 4676
3045 3049 2959 4677 4678 4676
2960 2959 3049 4653 4678 4679
3050 2960 3049 4680 4679 4681
3050 2983 2960 4682 4657 4680
3052 3008 2963 5041 5035 5042
3052 2963 2967 5042 5017 5043
3053 2967 2976 5044 5022 5045
3053 3052 2967 5046 5043 5044
2976 2994 3056 5025 5048 5047
3053 2976 3056 5045 5047 5049
3062 2992 2983 4683 4661 4684
3050 3062 2983 4685 4684 4682
2998 2992 3066 4664 4687 4686
3062 3066 2992 4688 4687 4683
3068 2994 2996 5050 5028 5051
2994 3068 3056 5050 5052 5048
2996 3003 3069 5031 5054 5053
2996 3069 3068 5053 5055 5051
2998 3071 3002 4689 4690 4667
3066 3071 2998 4691 4689 4686
3002 3072 3004 4692 3243 4669
3002 3071 3072 4690 4693 4692
3003 3004 3072 5033 3243 5056
3003 3072 3069 5056 5057 5054
3008 3052 3075 5041 5059 5058
3008 3077 3010 5060 5061 5038
3075 3077 3008 5062 5060 5058
3011 3010 3078 5040 5063 3284
3077 3078 3010 5064 5063 5061
3011 3078 3012 3284 5422 5400
3012 3078 3079 5422 5424 5423
3024 3012 3079 5403 5423 5425
3079 3089 3024 5426 5427 5425
3026 3024 3089 5405 5427 5428
3026 3089 3092 5428 5430 5429
3027 3026 3092 5409 5429 5431
3027 3092 3032 5431 5432 5413
3035 3032 3096 5416 5434 5433
3096 3032 3092 5434 5432 5435
3037 3035 3099 5419 5437 5436
3099 3035 3096 5437 5433 5438
3045 3039 3100 4675 4695 4694
3038 3101 3039 3274 4696 4672
3039 3101 3100 4696 4697 4695
3037 3101 3038 5439 3274 5421
3099 3101 3037 5440 5439 5436
3100 3104 3045 4698 4699 4694
3049 3045 3104 4677 4699 4700
3049 3104 3107 4700 4702 4701
3050 3049 3107 4681 4701 4703
3050 3107 3062 4703 4704 4685
3075 3052 3109 5059 5066 5065
3053 3056 3109 5049 5068 5067
3053 3109 3052 5067 5066 5046
3056 3068 3112 5052 5070 5069
3112 3109 3056 5071 5068 5069
3066 3062 3116 4688 4706 4705
3116 3062 3107 4706 4704 4707
3071 3066 3118 4691 4709 4708
3118 3066 3116 4709 4705 4710
3068 3069 3120 5055 5073 5072
3120 3112 3068 5074 5070 5072
3071 3121 3072 4711 3244 4693
3118 3121 3071 4712 4711 4708
3069 3072 3121 5057 3244 5075
3069 3121 3120 5075 5076 5073
3124 3075 3109 5077 5065 5078
3089 3079 3125 5426 5442 5441
3075 3126 3077 5079 5080 5062
3124 3126 3075 5081 5079 5077
3077 3127 3078 5082 3285 5064
3127 3077 3126 5082 5080 5083
3078 3127 3079 3285 5443 5424
3127 3125 3079 5444 5442 5443
3125 3133 3089 5445 5446 5441
3089 3133 3092 5446 5447 5430
3135 3096 3092 5448 5435 5449
3135 3092 3133 5449 5447 5450
3104 3100 3136 4698 4714 4713
3096 3138 3099 5451 5452 5438
3135 3138 3096 5453 5451 5448
3101 3139 3100 3275 4715 4697
3139 3136 3100 4716 4714 4715
3099 3139 3101 5454 3275 5440
3138 3139 3099 5455 5454 5452
3136 3140 3104 4717 4718 4713
3104 3140 3107 4718 4719 4702
3141 3116 3107 4720 4707 4721
3141 3107 3140 4721 4719 4722
3112 3143 3109 5084 5085 5071
3124 3109 3143 5078 5085 5086
3112 3120 3146 5074 5088 5087
3143 3112 3146 5084 5087 5089
3116 3148 3118 4723 4724 4710
3141 3148 3116 4725 4723 4720
3118 3149 3121 4726 3245 4712
3148 3149 3118 4727 4726 4724
3120 3121 3149 5076 3245 5090
3149 3146 3120 5091 5088 5090
3125 3151 3133 5456 5457 5445
3124 3152 3126 5092 5093 5081
3124 3143 3152 5086 5094 5092
3126 3154 3127 5095 3286 5083
3154 3126 3152 5095 5093 5096
3125 3127 3154 5444 3286 5458
3154 3151 3125 5459 5456 5458
3135 3156 3138 5460 5461 5453
3151 3156 3133 5462 5463 5457
3135 3133 3156 5450 5463 5460
3136 3157 3140 4728 4729 4717
3136 3139 3158 4716 3276 4730
3158 3157 3136 4731 4728 4730
3138 3158 3139 5464 3276 5455
3158 3138 3156 5464 5461 5465
3141 3159 3148 4732 4733 4725
3157 3159 3140 4734 4735 4729
3141 3140 3159 4722 4735 4732
3146 3160 3143 5097 5098 5089
3160 3152 3143 5099 5094 5098
3148 3161 3149 4736 3246 4727
3161 3148 3159 4736 4733 4737
3146 3149 3161 5091 3246 5100
3161 3160 3146 5101 5097 5100
3162 3152 3160 5102 5099 5103
3163 3156 3151 5466 5462 5467
3164 3159 3157 4738 4734 4739
3154 3152 3165 5096 5104 3287
3162 3165 3152 5105 5104 5102
3151 3154 3165 5459 3287 5468
3163 3151 3165 5467 5468 5469
3157 3158 3166 4731 3277 4740
3164 3157 3166 4739 4740 4741
3166 3158 3156 3277 5465 5470
3163 3166 3156 5471 5470 5466
3167 3161 3159 3247 4737 4742
3164 3167 3159 4743 4742 4738
3160 3161 3167 5101 3247 5106
3162 3160 3167 5103 5106 5107
3164 3166 3168 4741 3278 4744
3164 3168 3167 4744 3248 4743
3162 3168 3165 5108 3288 5105
3162 3167 3168 5107 3248 5108
3163 3165 3168 5469 3288 5472
3163 3168 3166 5472 3278 5471
