4 1 3179
2 5 3170
1 8 3189
14 4 3180
5 15 3171
17 14 3181
15 25 3172
8 28 3190
28 26 3191
26 44 3192
52 17 3182
53 52 3183
25 62 3173
44 77 3193
77 80 3194
80 81 3195
62 84 3174
81 125 3196
125 82 3197
142 53 3184
82 193 3198
84 207 3175
207 208 3176
272 142 3185
295 272 3186
296 295 3187
299 296 3188
208 316 3177
316 318 3178
193 385 3249
193 389 3259
299 530 3219
532 299 3229
556 318 3199
318 559 3209
385 650 3250
389 654 3260
654 662 3261
650 670 3251
818 532 3230
530 819 3220
828 818 3231
849 556 3200
559 853 3210
853 857 3211
819 893 3221
895 849 3201
662 969 3262
969 970 3263
670 1005 3252
1005 1014 3253
1101 828 3232
1102 1101 3233
857 1180 3212
1180 1181 3213
893 1229 3222
1231 895 3202
1242 1231 3203
1229 1249 3223
970 1328 3264
1328 1327 3265
1014 1379 3254
1379 1383 3255
1181 1456 3214
1456 1458 3215
1472 1102 3234
1474 1472 3235
1602 1242 3204
1249 1618 3224
1618 1620 3225
1624 1602 3205
1649 1474 3236
1650 1649 3237
1327 1653 3266
1653 1654 3267
1383 1760 3256
1760 1762 3257
1458 1765 3216
1765 1767 3217
1620 1975 3226
1980 1624 3206
1984 1980 3207
1975 1985 3227
2010 1650 3238
1654 2010 3268
1767 2103 3218
1762 2103 3258
2296 1984 3208
1985 2296 3228
2010 2317 3279
2103 2394 3269
2548 2296 3239
2317 2562 3280
2394 2623 3270
2740 2548 3240
2562 2748 3281
2623 2804 3271
2897 2740 3241
2748 2902 3282
2804 2942 3272
3004 2897 3242
2902 3011 3283
2942 3038 3273
3072 3004 3243
3011 3078 3284
3038 3101 3274
3121 3072 3244
3078 3127 3285
3101 3139 3275
3149 3121 3245
3127 3154 3286
3139 3158 3276
3161 3149 3246
3154 3165 3287
3158 3166 3277
3167 3161 3247
3168 3167 3248
3166 3168 3278
3165 3168 3288
